Density of Pottery Finds.asc
NCOLS 300
NROWS 300
XLLCORNER 415988
YLLCORNER 92795.7
DX 0.12
DY 0.15233
NODATA_VALUE -9999
[rows 0 to 25 of 300, columns 240 to 299 of 300]
72.993416 73.100433 73.206034 73.310237 73.41306 73.514521 73.614638 73.713429 73.810911 73.907101 74.002017 74.095674 74.18809 74.279281 74.369264 74.458054 74.545666 74.632118 74.717423 74.801598 74.884658 74.966617 75.047489 75.127291 75.206035 75.283737 75.36041 75.436067 75.510724 75.584393 75.657087 75.728821 75.799606 75.869456 75.938384 76.006402 76.073522 76.139758 76.205121 76.269623 76.333276 76.396092 76.458083 76.519259 76.579633 76.639216 76.698018 76.756051 76.813326 76.869853 76.925643 76.980706 77.035053 77.088694 77.14164 77.193899 77.245483 77.2964 77.346662 77.396276
73.021047 73.127864 73.233257 73.337246 73.439848 73.541083 73.640968 73.73952 73.836758 73.9327 74.027361 74.12076 74.212913 74.303837 74.393548 74.482062 74.569395 74.655563 74.740582 74.824467 74.907234 74.988896 75.06947 75.148969 75.227409 75.304804 75.381168 75.456514 75.530857 75.60421 75.676587 75.748002 75.818466 75.887994 75.956598 76.024291 76.091085 76.156993 76.222028 76.2862 76.349523 76.412008 76.473667 76.534511 76.594552 76.653801 76.71227 76.769969 76.826909 76.883101 76.938556 76.993285 77.047297 77.100604 77.153215 77.20514 77.25639 77.306974 77.356902 77.406184
73.049422 73.15602 73.261188 73.364945 73.46731 73.568301 73.667936 73.766234 73.863213 73.958889 74.053281 74.146406 74.238281 74.328922 74.418346 74.50657 74.59361 74.679481 74.764199 74.847781 74.93024 75.011593 75.091855 75.17104 75.249163 75.326239 75.402281 75.477304 75.551322 75.624348 75.696396 75.76748 75.837613 75.906807 75.975077 76.042434 76.108892 76.174462 76.239158 76.302991 76.365974 76.428118 76.489435 76.549938 76.609636 76.668543 76.726669 76.784025 76.840622 76.896471 76.951583 77.005969 77.059639 77.112603 77.164871 77.216455 77.267363 77.317606 77.367194 77.416135
73.078532 73.184893 73.289818 73.393325 73.495434 73.596164 73.695533 73.79356 73.890262 73.985658 74.079765 74.1726 74.264181 74.354525 74.443648 74.531567 74.618298 74.703858 74.788262 74.871526 74.953666 75.034697 75.114633 75.193491 75.271285 75.348029 75.423737 75.498425 75.572105 75.644793 75.716501 75.787243 75.857033 75.925884 75.993808 76.060819 76.126929 76.192152 76.256499 76.319983 76.382616 76.44441 76.505376 76.565527 76.624875 76.68343 76.741204 76.798208 76.854454 76.909951 76.964712 77.018746 77.072065 77.124678 77.176597 77.22783 77.278389 77.328284 77.377523 77.426118
73.108365 73.214471 73.319134 73.422374 73.52421 73.624662 73.723748 73.821486 73.917896 74.012994 74.1068 74.19933 74.290602 74.380633 74.46944 74.557039 74.643448 74.728683 74.812758 74.895692 74.977498 75.058193 75.137792 75.21631 75.293761 75.370161 75.445524 75.519864 75.593196 75.665533 75.73689 75.807279 75.876715 75.94521 76.012779 76.079433 76.145186 76.210051 76.274039 76.337164 76.399437 76.460871 76.521477 76.581268 76.640255 76.698449 76.755863 76.812506 76.868392 76.923529 76.97793 77.031605 77.084564 77.136819 77.188379 77.239256 77.289458 77.338996 77.38788 77.43612
73.138911 73.244742 73.349125 73.452079 73.553625 73.653781 73.752566 73.85 73.9461 74.040885 74.134374 74.226583 74.31753 74.407233 74.495709 74.582975 74.669047 74.753942 74.837675 74.920264 75.001724 75.08207 75.161317 75.239482 75.316579 75.392623 75.467628 75.541609 75.61458 75.686555 75.757549 75.827574 75.896645 75.964775 76.031977 76.098264 76.163649 76.228145 76.291765 76.35452 76.416424 76.477489 76.537725 76.597146 76.655764 76.713589 76.770633 76.826907 76.882423 76.937192 76.991225 77.044532 77.097125 77.149013 77.200207 77.250718 77.300556 77.349731 77.398252 77.44613
73.170156 73.275694 73.379778 73.482429 73.583666 73.683509 73.781976 73.879088 73.974862 74.069318 74.162473 74.254345 74.344953 74.434313 74.522443 74.60936 74.69508 74.779621 74.862999 74.94523 75.026329 75.106313 75.185196 75.262996 75.339725 75.4154 75.490035 75.563645 75.636244 75.707846 75.778465 75.848115 75.91681 75.984563 76.051388 76.117298 76.182305 76.246422 76.309663 76.37204 76.433565 76.49425 76.554108 76.61315 76.671388 76.728835 76.785501 76.841397 76.896536 76.950928 77.004584 77.057516 77.109733 77.161247 77.212067 77.262206 77.311671 77.360475 77.408626 77.456135
73.202088 73.307314 73.41108 73.513409 73.614319 73.713831 73.811964 73.908736 74.004168 74.098278 74.191083 74.282603 74.372855 74.461857 74.549626 74.636179 74.721534 74.805708 74.888715 74.970574 75.051299 75.130908 75.209415 75.286835 75.363185 75.438479 75.512732 75.585959 75.658173 75.729391 75.799624 75.868888 75.937196 76.004562 76.070999 76.13652 76.201139 76.264868 76.327721 76.389709 76.450845 76.511142 76.570611 76.629265 76.687116 76.744175 76.800454 76.855964 76.910717 76.964723 77.017995 77.070542 77.122376 77.173508 77.223947 77.273705 77.322791 77.371216 77.41899 77.466123
73.234692 73.339586 73.443017 73.545005 73.645571 73.744734 73.842514 73.938931 74.034003 74.12775 74.22019 74.311341 74.401222 74.489851 74.577244 74.663419 74.748394 74.832185 74.914809 74.996282 75.07662 75.15584 75.233957 75.310987 75.386944 75.461845 75.535704 75.608535 75.680354 75.751175 75.821012 75.889878 75.957789 76.024756 76.090795 76.155918 76.220138 76.283469 76.345923 76.407512 76.46825 76.528149 76.587221 76.645478 76.702932 76.759595 76.815478 76.870593 76.924951 76.978564 77.031443 77.083599 77.135042 77.185783 77.235833 77.285203 77.333902 77.381941 77.429331 77.47608
73.267954 73.372497 73.475573 73.577202 73.677405 73.776201 73.873611 73.969655 74.064351 74.157719 74.249777 74.340545 74.430039 74.518278 74.605281 74.691063 74.775644 74.859038 74.941265 75.022338 75.102276 75.181094 75.258809 75.335434 75.410987 75.485482 75.558935 75.63136 75.702772 75.773185 75.842613 75.911071 75.978573 76.045132 76.110762 76.175476 76.239287 76.30221 76.364255 76.425437 76.485767 76.545259 76.603924 76.661774 76.718823 76.77508 76.830559 76.885271 76.939226 76.992438 77.044915 77.096671 77.147715 77.198058 77.247712 77.296686 77.344991 77.392637 77.439635 77.485994
73.301857 73.40603 73.508732 73.609983 73.709805 73.808217 73.90524 74.000893 74.095196 74.188169 74.279829 74.370196 74.459288 74.547124 74.633721 74.719096 74.803267 74.886252 74.968066 75.048727 75.128251 75.206654 75.283953 75.360162 75.435298 75.509376 75.58241 75.654416 75.725409 75.795403 75.864412 75.932451 75.999534 76.065673 76.130884 76.195179 76.258572 76.321075 76.382703 76.443467 76.50338 76.562455 76.620704 76.67814 76.734773 76.790617 76.845683 76.899983 76.953528 77.006329 77.058398 77.109745 77.160383 77.21032 77.25957 77.308141 77.356044 77.40329 77.449889 77.495851
73.336384 73.440168 73.542477 73.643332 73.742754 73.840764 73.937382 74.032628 74.126521 74.219081 74.310328 74.400279 74.488954 74.57637 74.662546 74.747499 74.831247 74.913807 74.995196 75.075431 75.154528 75.232503 75.309374 75.385154 75.45986 75.533508 75.606113 75.677689 75.748251 75.817815 75.886394 75.954002 76.020655 76.086364 76.151146 76.215011 76.277975 76.340051 76.401251 76.461587 76.521074 76.579724 76.637548 76.694559 76.750769 76.806191 76.860835 76.914715 76.96784 77.020223 77.071875 77.122807 77.17303 77.222555 77.271392 77.319553 77.367047 77.413886 77.460079 77.505636
73.371518 73.474893 73.57679 73.67723 73.776234 73.873824 73.970019 74.064841 74.158308 74.25044 74.341256 74.430776 74.519017 74.605999 74.691739 74.776256 74.859567 74.941688 75.022638 75.102433 75.18109 75.258624 75.335053 75.410392 75.484657 75.557863 75.630026 75.70116 75.771281 75.840403 75.908541 75.975708 76.04192 76.107189 76.171531 76.234957 76.297483 76.35912 76.419882 76.479783 76.538834 76.597048 76.654439 76.711017 76.766795 76.821786 76.876001 76.929451 76.982149 77.034106 77.085333 77.135842 77.185642 77.234746 77.283165 77.330908 77.377986 77.42441 77.47019 77.515336
73.407239 73.510186 73.611651 73.711658 73.810227 73.907378 74.003134 74.097513 74.190537 74.282224 74.372594 74.461667 74.54946 74.635992 74.721282 74.805348 74.888207 74.969876 75.050373 75.129715 75.207918 75.284999 75.360975 75.43586 75.509671 75.582423 75.654132 75.724813 75.794481 75.863151 75.930836 75.997552 76.063312 76.128131 76.192023 76.255 76.317077 76.378267 76.438582 76.498037 76.556643 76.614414 76.671361 76.727498 76.782835 76.837387 76.891163 76.944177 76.99644 77.047962 77.098757 77.148834 77.198205 77.246881 77.294873 77.342191 77.388846 77.434848 77.480209 77.524937
73.443528 73.546027 73.647042 73.746596 73.844711 73.941407 74.036705 74.130626 74.223189 74.314416 74.404324 74.492933 74.580262 74.66633 74.751155 74.834756 74.917148 74.998352 75.078383 75.157258 75.234995 75.31161 75.387119 75.461538 75.534883 75.60717 75.678414 75.748631 75.817834 75.88604 75.953263 76.019516 76.084815 76.149173 76.212605 76.275123 76.336742 76.397474 76.457334 76.516333 76.574486 76.631803 76.688299 76.743985 76.798874 76.852978 76.906308 76.958877 77.010696 77.061777 77.11213 77.161769 77.210703 77.258943 77.306501 77.353387 77.399612 77.445186 77.49012 77.534423
73.480364 73.582395 73.682941 73.782024 73.879667 73.975889 74.070713 74.164158 74.256245 74.346993 74.436423 74.524554 74.611404 74.696993 74.781339 74.864459 74.946372 75.027096 75.106647 75.185043 75.262301 75.338437 75.413467 75.487408 75.560276 75.632086 75.702853 75.772594 75.841322 75.909053 75.975802 76.041583 76.10641 76.170298 76.233259 76.295309 76.35646 76.416726 76.47612 76.534655 76.592344 76.6492 76.705236 76.760463 76.814894 76.868542 76.921418 76.973534 77.024901 77.075532 77.125438 77.17463 77.22312 77.270917 77.318034 77.364481 77.410269 77.455407 77.499908 77.54378
73.517724 73.619268 73.719326 73.81792 73.915072 74.010803 74.105134 74.198087 74.289681 74.379936 74.468872 74.556509 74.642865 74.72796 74.811812 74.894438 74.975858 75.056088 75.135147 75.21305 75.289816 75.36546 75.44 75.513451 75.585829 75.65715 75.72743 75.796683 75.864926 75.932172 75.998437 76.063734 76.12808 76.191486 76.253968 76.315539 76.376213 76.436003 76.494922 76.552984 76.610202 76.666588 76.722154 76.776914 76.83088 76.884063 76.936477 76.988132 77.03904 77.089214 77.138664 77.187402 77.23544 77.282787 77.329456 77.375457 77.420801 77.465497 77.509558 77.552993
73.555585 73.656622 73.756173 73.85426 73.950903 74.046126 74.139948 74.232391 74.323476 74.413221 74.501648 74.588776 74.674623 74.759209 74.842553 74.924672 75.005584 75.085308 75.16386 75.241258 75.317519 75.39266 75.466697 75.539645 75.611523 75.682344 75.752124 75.82088 75.888626 75.955376 76.021147 76.085951 76.149804 76.21272 76.274713 76.335796 76.395983 76.455288 76.513724 76.571304 76.628041 76.683948 76.739037 76.793322 76.846813 76.899524 76.951467 77.002654 77.053096 77.102804 77.151792 77.200069 77.247647 77.294538 77.340751 77.386299 77.431192 77.47544 77.519054 77.562045
73.593923 73.694435 73.79346 73.89102 73.987138 74.081834 74.17513 74.267047 74.357606 74.446826 74.534729 74.621332 74.706655 74.790719 74.873539 74.955137 75.035528 75.114732 75.192766 75.269646 75.34539 75.420015 75.493537 75.565972 75.637337 75.707647 75.776917 75.845164 75.912402 75.978647 76.043913 76.108214 76.171565 76.233981 76.295475 76.356061 76.415752 76.474563 76.532507 76.589596 76.645844 76.701263 76.755867 76.809667 76.862677 76.914908 76.966373 77.017083 77.06705 77.116287 77.164804 77.212613 77.259725 77.306151 77.351903 77.396991 77.441426 77.485219 77.528381 77.57092
73.632712 73.73268 73.83116 73.928176 74.02375 74.117902 74.210656 74.302031 74.392048 74.480727 74.568089 74.654153 74.738939 74.822464 74.904749 74.985811 75.065669 75.14434 75.221841 75.298191 75.373406 75.447503 75.520499 75.592409 75.66325 75.733038 75.801787 75.869515 75.936236 76.001964 76.066715 76.130503 76.193343 76.255249 76.316234 76.376314 76.435501 76.493809 76.551251 76.607841 76.663591 76.718515 76.772625 76.825934 76.878453 76.930197 76.981175 77.031402 77.080887 77.129644 77.177684 77.225017 77.271656 77.317612 77.362895 77.407517 77.451488 77.494819 77.537521 77.579604
73.671926 73.77133 73.869248 73.965702 74.060714 74.154306 74.2465 74.337316 74.426775 74.514899 74.601706 74.687216 74.771448 74.854423 74.936158 75.016671 75.095982 75.174107 75.251065 75.326872 75.401546 75.475103 75.547561 75.618934 75.689241 75.758495 75.826714 75.893912 75.960104 76.025306 76.089533 76.152798 76.215117 76.276504 76.336972 76.396536 76.455209 76.513006 76.569938 76.62602 76.681265 76.735685 76.789293 76.842102 76.894124 76.945372 76.995857 77.045592 77.094589 77.142859 77.190414 77.237265 77.283424 77.328901 77.373709 77.417858 77.461359 77.504222 77.546458 77.588078
73.711537 73.810359 73.907695 74.003569 74.098003 74.191017 74.282635 74.372877 74.461763 74.549315 74.635552 74.720494 74.80416 74.886569 74.967741 75.047693 75.126443 75.20401 75.280411 75.355664 75.429785 75.502791 75.574699 75.645526 75.715287 75.783998 75.851674 75.918332 75.983987 76.048653 76.112345 76.175078 76.236867 76.297725 76.357667 76.416707 76.474858 76.532134 76.588549 76.644115 76.698845 76.752754 76.805852 76.858154 76.909671 76.960415 77.0104 77.059636 77.108136 77.155912 77.202976 77.249338 77.29501 77.340003 77.384329 77.427999 77.471022 77.513411 77.555176 77.596326
73.751516 73.849737 73.946474 74.041751 74.135588 74.228009 74.319035 74.408686 74.496985 74.58395 74.669602 74.753962 74.837047 74.918878 74.999473 75.07885 75.157028 75.234025 75.309857 75.384543 75.4581 75.530544 75.601892 75.67216 75.741365 75.809522 75.876647 75.942755 76.007862 76.071982 76.135131 76.197322 76.258572 76.318893 76.3783 76.436807 76.494427 76.551175 76.607063 76.662105 76.716313 76.769702 76.822283 76.874069 76.925074 76.975308 77.024784 77.073515 77.121512 77.168787 77.215352 77.261218 77.306397 77.350899 77.394737 77.437921 77.480461 77.52237 77.563657 77.604332
73.791832 73.889435 73.985555 74.080217 74.173442 74.265253 74.35567 74.444716 74.532411 74.618775 74.703829 74.787592 74.870083 74.951322 75.031328 75.110118 75.187711 75.264125 75.339378 75.413486 75.486467 75.558338 75.629115 75.698814 75.767453 75.835045 75.901608 75.967157 76.031706 76.095271 76.157867 76.219508 76.28021 76.339985 76.398848 76.456814 76.513895 76.570106 76.62546 76.679969 76.733648 76.78651 76.838566 76.88983 76.940314 76.99003 77.038992 77.08721 77.134697 77.181464 77.227524 77.272888 77.317566 77.361572 77.404915 77.447607 77.489658 77.53108 77.571883 77.612078
73.832455 73.92942 74.024907 74.118937 74.211533 74.302718 74.392512 74.480937 74.568014 74.653763 74.738204 74.821357 74.903241 74.983875 75.063279 75.141469 75.218466 75.294286 75.368947 75.442466 75.51486 75.586147 75.656343 75.725463 75.793525 75.860544 75.926535 75.991514 76.055497 76.118498 76.180532 76.241614 76.301759 76.360979 76.419291 76.476707 76.533241 76.588907 76.643719 76.697689 76.75083 76.803157 76.854681 76.905415 76.955372 77.004564 77.053003 77.100701 77.147671 77.193925 77.239473 77.284327 77.3285 77.372002 77.414844 77.457038 77.498594 77.539524 77.579837 77.619545
73.873351 73.969662 74.064497 74.157879 74.249831 74.340373 74.429529 74.517319 74.603763 74.688883 74.772698 74.855228 74.936491 75.016509 75.095298 75.172877 75.249265 75.32448 75.398538 75.471457 75.543255 75.613947 75.683551 75.752083 75.819558 75.885993 75.951404 76.015805 76.079212 76.14164 76.203103 76.263617 76.323196 76.381854 76.439606 76.496464 76.552443 76.607557 76.661819 76.715241 76.767839 76.819623 76.870607 76.920805 76.970227 77.018888 77.066798 77.11397 77.160417 77.206149 77.251179 77.295519 77.339179 77.382171 77.424507 77.466196 77.507252 77.547683 77.587501 77.626717
