Density of Pottery Finds.asc
NCOLS 300
NROWS 300
XLLCORNER 415988
YLLCORNER 92795.7
DX 0.12
DY 0.15233
NODATA_VALUE -9999
[rows 156 to 181 of 300, columns 180 to 239 of 300]
62.198053 62.649862 63.11003 63.574323 64.038971 64.500656 64.956486 65.403971 65.840991 66.265767 66.676826 67.072973 67.453255 67.816942 68.163492 68.492529 68.803824 69.097273 69.372876 69.630728 69.870998 70.09392 70.299785 70.488924 70.661705 70.818528 70.959812 71.085996 71.197531 71.294876 71.3785 71.448871 71.50646 71.551736 71.585166 71.607214 71.618337 71.618987 71.60961 71.590645 71.562522 71.525665 71.480488 71.427398 71.366794 71.299065 71.224594 71.143752 71.056907 70.964413 70.866619 70.763865 70.656485 70.544801 70.42913 70.309782 70.187057 70.061248 69.932642 69.801517
64.134813 64.495678 64.866628 65.243802 65.62372 66.003282 66.379752 66.750741 67.114185 67.468318 67.811654 68.142956 68.461211 68.765612 69.055528 69.33049 69.590166 69.834347 70.06293 70.275903 70.47333 70.655345 70.822138 70.973943 71.111039 71.233735 71.342366 71.437291 71.518884 71.587533 71.643637 71.6876 71.719832 71.740746 71.750754 71.750269 71.739701 71.719459 71.689946 71.651562 71.604702 71.549754 71.487102 71.417123 71.340189 71.256662 71.166902 71.07126 70.970079 70.863697 70.752445 70.636647 70.516619 70.392672 70.26511 70.134229 70.000319 69.863664 69.724539 69.583216
65.987871 66.264338 66.55217 66.847869 67.14825 67.450444 67.751886 68.05031 68.343732 68.63043 68.908928 69.177975 69.436524 69.683716 69.918856 70.141401 70.350939 70.547175 70.729915 70.899058 71.054579 71.19652 71.324982 71.440117 71.542116 71.631209 71.707654 71.771735 71.823755 71.864035 71.892909 71.910721 71.917824 71.914575 71.901336 71.878472 71.846348 71.80533 71.755781 71.698064 71.632538 71.559559 71.479482 71.392654 71.299419 71.200118 71.095086 70.984651 70.869138 70.748867 70.624151 70.495299 70.362611 70.226386 70.086914 69.944481 69.799365 69.65184 69.502174 69.350629
67.752668 67.950974 68.161563 68.381282 68.607237 68.836789 69.067557 69.297412 69.524466 69.747059 69.963749 70.173291 70.374627 70.566866 70.74927 70.921241 71.082303 71.232093 71.370344 71.496878 71.611592 71.714452 71.805479 71.884749 71.952379 72.008525 72.053375 72.087144 72.110071 72.122413 72.124446 72.116457 72.098744 72.071615 72.035382 71.990366 71.936887 71.875272 71.805846 71.728936 71.644869 71.55397 71.456561 71.352966 71.243502 71.128487 71.008232 70.883047 70.753237 70.619103 70.480944 70.339052 70.193715 70.045217 69.893837 69.73985 69.583525 69.425125 69.26491 69.103134
69.425941 69.551965 69.690899 69.839918 69.996403 70.157944 70.322345 70.48762 70.651988 70.813868 70.971863 71.124755 71.271488 71.411159 71.543003 71.666384 71.780779 71.885769 71.981029 72.066317 72.141464 72.20637 72.260988 72.305327 72.339436 72.363407 72.377363 72.381459 72.375873 72.360805 72.336477 72.303121 72.260987 72.210335 72.151432 72.084555 72.009987 71.928013 71.838925 71.743016 71.64058 71.531914 71.417312 71.297072 71.171487 71.040851 70.905457 70.765594 70.621549 70.473607 70.322049 70.167156 70.009201 69.848456 69.68519 69.519665 69.352143 69.182877 69.01212 68.840118
71.005473 71.064711 71.137261 71.220602 71.312375 71.410389 71.512628 71.617253 71.722597 71.827162 71.929611 72.028762 72.123576 72.213152 72.296711 72.373592 72.443237 72.505188 72.559072 72.604594 72.641532 72.669727 72.689074 72.699524 72.701067 72.693737 72.6776 72.652754 72.619325 72.57746 72.527329 72.469119 72.403032 72.329283 72.248099 72.159717 72.064381 71.962342 71.853858 71.73919 71.618604 71.492367 71.360749 71.224022 71.082459 70.936331 70.78591 70.631469 70.473277 70.311605 70.146718 69.978883 69.808361 69.635414 69.460299 69.28327 69.104578 68.92447 68.743191 68.56098
72.489884 72.487441 72.498545 72.520951 72.55254 72.59133 72.635478 72.683288 72.733207 72.783825 72.833872 72.88221 72.927827 72.969832 73.007445 73.039991 73.066889 73.08765 73.101864 73.109195 73.109375 73.102197 73.087507 73.065203 73.035226 72.997557 72.952212 72.89924 72.838717 72.770744 72.695444 72.61296 72.523453 72.427096 72.324079 72.214601 72.098872 71.977111 71.849544 71.716402 71.577924 71.434352 71.285932 71.132912 70.975543 70.814079 70.648774 70.479881 70.307656 70.132353 69.954226 69.773528 69.590511 69.405423 69.218513 69.030027 68.840207 68.649294 68.457524 68.265131
73.878434 73.819035 73.773296 73.739223 73.714919 73.69859 73.688559 73.683265 73.681269 73.681251 73.682006 73.682448 73.681598 73.678582 73.672627 73.663052 73.649263 73.630749 73.60707 73.577859 73.542809 73.501674 73.454258 73.400414 73.34004 73.27307 73.199478 73.119266 73.032468 72.939142 72.83937 72.733255 72.620919 72.5025 72.378151 72.248038 72.112339 71.971243 71.824946 71.673656 71.517583 71.356946 71.191968 71.022879 70.849909 70.673293 70.493269 70.310074 70.123951 69.935139 69.74388 69.550416 69.354988 69.157837 68.959201 68.759318 68.558424 68.356753 68.154535 67.951999
75.170865 75.058871 74.960572 74.874196 74.798043 74.730496 74.670028 74.615208 74.564702 74.517277 74.471799 74.427229 74.382628 74.337145 74.290017 74.240564 74.188187 74.132357 74.072615 74.008567 73.939877 73.866264 73.787498 73.703393 73.61381 73.518643 73.417826 73.311323 73.199129 73.081264 72.957773 72.828723 72.694202 72.554314 72.40918 72.258937 72.103733 71.943729 71.779097 71.610016 71.436678 71.259278 71.07802 70.893112 70.70477 70.51321 70.318655 70.12133 69.921462 69.71928 69.515014 69.308897 69.101161 68.892036 68.681754 68.470547 68.258644 68.046272 67.833659 67.621027
76.36726 76.206699 76.059819 75.925044 75.800853 75.685786 75.578454 75.477541 75.381816 75.290126 75.201403 75.114662 75.028998 74.943588 74.857683 74.770609 74.681764 74.59061 74.496672 74.399535 74.298841 74.194279 74.08559 73.972556 73.855005 73.732797 73.605832 73.474039 73.337379 73.195839 73.049431 72.89819 72.742172 72.581452 72.416123 72.246294 72.072086 71.893637 71.711094 71.524616 71.334372 71.140538 70.9433 70.74285 70.539386 70.333111 70.124234 69.912968 69.699526 69.484129 69.266998 69.048354 68.828421 68.607425 68.38559 68.163141 67.940302 67.717297 67.494348 67.271674
77.467932 77.262524 77.070763 76.891246 76.722607 76.563524 76.412731 76.269021 76.13125 75.998343 75.869293 75.743164 75.619088 75.496268 75.373972 75.251534 75.128352 75.003883 74.877642 74.749196 74.618167 74.484224 74.347081 74.206493 74.062259 73.914212 73.76222 73.606183 73.446031 73.281722 73.11324 72.940591 72.763803 72.582926 72.398026 72.209187 72.01651 71.820109 71.62011 71.416652 71.209887 70.999973 70.787079 70.571383 70.353069 70.132326 69.909353 69.684349 69.457521 69.229078 68.999232 68.768199 68.536195 68.303439 68.070152 67.836551 67.602859 67.369294 67.136074 66.903419
78.47332 78.226517 77.993327 77.772497 77.562796 77.363022 77.172018 76.988669 76.811914 76.640744 76.47421 76.311419 76.151538 75.993796 75.837477 75.681926 75.526541 75.370777 75.21414 75.056186 74.89652 74.734792 74.570695 74.403963 74.234367 74.061717 73.885856 73.706656 73.524023 73.337888 73.148209 72.954969 72.758171 72.557842 72.354025 72.146784 71.936199 71.722364 71.505387 71.285392 71.062511 70.83689 70.608684 70.378056 70.145179 69.910231 69.6734 69.434878 69.19486 68.95355 68.711153 68.467878 68.223936 67.979541 67.734908 67.490254 67.245796 67.001749 66.758332 66.515759
79.383918 79.098933 78.827549 78.568636 78.321078 78.083779 77.85567 77.635721 77.422937 77.216372 77.015123 76.818339 76.625218 76.435009 76.247015 76.060588 75.87513 75.690094 75.504979 75.319332 75.132745 74.944851 74.755326 74.563884 74.370276 74.17429 73.975746 73.774496 73.570421 73.363431 73.153463 72.940476 72.724455 72.505404 72.283351 72.058338 71.830427 71.599698 71.366243 71.13017 70.891599 70.650661 70.4075 70.162268 69.915129 69.666251 69.415813 69.164 68.911001 68.657013 68.402235 68.146872 67.891131 67.635223 67.379358 67.123753 66.86862 66.614175 66.360635 66.108213
80.200205 79.880052 79.573521 79.279585 78.997221 78.725421 78.463192 78.209571 77.963623 77.72445 77.491192 77.26303 77.03919 76.81894 76.601596 76.386517 76.173109 75.960823 75.749154 75.537639 75.325859 75.113434 74.900025 74.685329 74.46908 74.251048 74.031032 73.808867 73.584414 73.357564 73.128235 72.89637 72.661933 72.424914 72.185322 71.943186 71.698553 71.451487 71.202069 70.950393 70.696568 70.440716 70.182971 69.923475 69.662384 69.399861 69.136075 68.871207 68.605442 68.33897 68.071988 67.804696 67.5373 67.270008 67.003029 66.736577 66.470864 66.206107 65.94252 65.680319
80.922594 80.570125 80.231341 79.905299 79.591052 79.287659 78.99419 78.709735 78.433407 78.164347 77.901728 77.644759 77.392686 77.144791 76.900402 76.658882 76.41964 76.182125 75.945826 75.710274 75.47504 75.239731 75.003997 74.767519 74.530017 74.291245 74.050987 73.80906 73.565311 73.319615 73.071873 72.822013 72.569986 72.315767 72.059352 71.800756 71.540015 71.277182 71.012327 70.745534 70.476905 70.206551 69.9346 69.661188 69.386464 69.110584 68.833717 68.556035 68.277722 67.998965 67.719958 67.440901 67.161996 66.883451 66.605477 66.328284 66.052088 65.777105 65.503549 65.231638
81.551388 81.169326 80.801065 80.445725 80.102415 79.770247 79.448336 79.135814 78.831828 78.535549 78.246173 77.96293 77.685079 77.411914 77.142767 76.877007 76.614041 76.353315 76.094314 75.83656 75.579616 75.32308 75.066589 74.809813 74.552459 74.294267 74.035009 73.774489 73.51254 73.249023 72.983829 72.716872 72.448093 72.177453 71.90494 71.630558 71.354334 71.076312 70.796555 70.51514 70.232161 69.947724 69.661951 69.374975 69.086939 68.797998 68.508316 68.218064 67.927424 67.636582 67.345732 67.055072 66.764805 66.475141 66.186288 65.898462 65.611878 65.326753 65.043305 64.761753
82.086747 81.677725 81.282678 80.900767 80.531142 80.17295 79.825338 79.487463 79.158497 78.837628 78.524069 78.217059 77.915865 77.619789 77.328162 77.040355 76.755771 76.473851 76.194076 75.91596 75.639057 75.362957 75.087286 74.811704 74.535908 74.259626 73.982621 73.704684 73.42564 73.145339 72.863662 72.580514 72.295827 72.009554 71.721675 71.432187 71.141111 70.848484 70.554364 70.258824 69.961952 69.663854 69.364646 69.064459 68.763435 68.461727 68.159498 67.856921 67.554174 67.251447 66.948933 66.646832 66.345349 66.044695 65.745082 65.446726 65.149846 64.854662 64.561396 64.27027
82.528662 82.095257 81.67606 81.270258 80.877023 80.495519 80.124911 79.764369 79.413075 79.070225 78.735038 78.406756 78.084647 77.768011 77.456178 77.148514 76.844418 76.543325 76.244707 75.948073 75.652967 75.358971 75.065703 74.772814 74.479991 74.186956 73.893462 73.599293 73.304264 73.00822 72.711034 72.412605 72.112859 71.811744 71.509233 71.205321 70.900025 70.593378 70.285436 69.976268 69.665963 69.354623 69.042365 68.72932 68.415629 68.101448 67.786939 67.472276 67.157641 66.843225 66.529224 66.21584 65.903284 65.591766 65.281505 64.97272 64.665633 64.360471 64.057457 63.756818
82.876932 82.421698 81.98097 81.55394 81.139784 80.73767 80.346763 79.966233 79.595258 79.233034 78.878773 78.531713 78.191116 77.856275 77.526514 77.201189 76.879691 76.561449 76.245926 75.932623 75.621075 75.310858 75.00158 74.692887 74.384459 74.07601 73.767288 73.458072 73.148172 72.837427 72.525707 72.212908 71.898951 71.583783 71.267375 70.949721 70.630834 70.31075 69.989522 69.667222 69.343937 69.019773 68.694847 68.369292 68.043252 67.716885 67.390357 67.063845 66.737535 66.411621 66.086305 65.761793 65.438298 65.116039 64.795237 64.476118 64.158909 63.843841 63.531145 63.221052
83.131144 82.656652 82.197027 81.751448 81.319078 80.899071 80.490577 80.092753 79.704762 79.325785 78.95502 78.591692 78.235049 77.884372 77.53897 77.198191 76.861414 76.528057 76.197574 75.869457 75.543234 75.218474 74.894778 74.571787 74.249175 73.926654 73.603966 73.280888 72.957227 72.632823 72.307542 71.981279 71.653957 71.325522 70.995947 70.665225 70.333373 70.000428 69.666446 69.331502 68.995686 68.659107 68.321888 67.984164 67.646085 67.307813 66.96952 66.631388 66.293609 65.956382 65.619914 65.28442 64.950117 64.617231 64.285989 63.956624 63.629371 63.304465 62.982144 62.662648
83.290665 82.799536 82.323697 81.862296 81.414465 80.979327 80.556002 80.143619 79.741313 79.34824 78.963575 78.586517 78.216297 77.852175 77.493444 77.139436 76.789516 76.443091 76.099604 75.758538 75.419415 75.081794 74.745275 74.409493 74.074121 73.738866 73.403471 73.067713 72.731399 72.39437 72.056493 71.717668 71.377818 71.036894 70.694872 70.35175 70.007549 69.662311 69.316097 68.968988 68.62108 68.272487 67.923339 67.573778 67.223961 66.874056 66.524242 66.17471 65.825657 65.477292 65.129829 64.783489 64.438499 64.095091 63.753503 63.413972 63.076743 62.742058 62.410165 62.08131
83.35463 82.849572 82.360287 81.885874 81.425412 80.977979 80.542649 80.118506 79.704647 79.30019 78.904276 78.516073 78.134784 77.759643 77.389924 77.024937 76.664034 76.306606 75.952085 75.599946 75.249702 74.90091 74.553165 74.206099 73.859385 73.512733 73.165885 72.818622 72.470754 72.122126 71.772611 71.422113 71.070563 70.717916 70.364157 70.00929 69.653344 69.296367 68.938431 68.579623 68.220048 67.85983 67.499106 67.138028 66.77676 66.415482 66.054381 65.693656 65.333515 64.974175 64.615861 64.258802 63.903236 63.549403 63.197549 62.847924 62.500779 62.156367 61.814944 61.476764
83.321934 82.805779 82.305939 81.821437 81.351288 80.894499 80.450086 80.017073 79.594506 79.181452 78.777008 78.380304 77.990506 77.60682 77.228492 76.854811 76.48511 76.118764 75.755197 75.393872 75.034298 74.676027 74.318652 73.961809 73.60517 73.248449 72.891394 72.533791 72.175457 71.816244 71.456035 71.094741 70.732302 70.368685 70.003882 69.63791 69.270807 68.902632 68.533468 68.163412 67.792582 67.421111 67.049148 66.676857 66.304414 65.932007 65.559837 65.188114 64.817057 64.446894 64.07786 63.710197 63.344153 62.979979 62.617933 62.258272 61.901261 61.547163 61.196242 60.848764
83.191227 82.666975 82.159628 81.668116 81.191363 80.728295 80.277847 79.838971 79.410644 78.991875 78.581706 78.179219 77.78354 77.393837 77.009327 76.629275 76.252993 75.879843 75.509233 75.140623 74.773516 74.407463 74.042057 73.676938 73.311784 72.946315 72.580287 72.213496 71.845769 71.476971 71.106993 70.735762 70.363229 69.989375 69.614205 69.237748 68.860057 68.481206 68.101288 67.720418 67.338725 66.956356 66.573475 66.190258 65.806896 65.42359 65.040554 64.658012 64.276196 63.895346 63.515711 63.137545 62.761109 62.386666 62.014486 61.644839 61.278 60.914245 60.553849 60.19709
82.960918 82.431773 81.920166 81.424911 80.94482 80.478716 80.025435 79.583843 79.152835 78.731348 78.318361 77.9129 77.514043 77.120918 76.73271 76.348655 75.968047 75.59023 75.214606 74.840624 74.467789 74.095652 73.723811 73.351912 72.979643 72.606733 72.232952 71.858108 71.482045 71.104639 70.725801 70.34547 69.963617 69.580237 69.195352 68.80901 68.421279 68.03225 67.642034 67.25076 66.858576 66.465644 66.072145 65.678271 65.284228 64.890234 64.496518 64.103318 63.710883 63.319467 62.929333 62.540751 62.153993 61.76934 61.387072 61.007474 60.630834 60.25744 59.887581 59.521545
82.62917 82.098589 81.586212 81.09071 80.610762 80.145064 79.692339 79.251346 78.820887 78.399815 77.987036 77.581513 77.182271 76.788394 76.399032 76.013394 75.630752 75.250438 74.871845 74.49442 74.117668 73.741145 73.36446 72.987267 72.609269 72.23021 71.849878 71.468097 71.084729 70.699672 70.312855 69.924238 69.533811 69.141592 68.747621 68.351967 67.954719 67.555987 67.155901 66.754612 66.352285 65.949103 65.545264 65.14098 64.736474 64.331982 63.927751 63.524037 63.121104 62.719225 62.318679 61.91975 61.522728 61.127907 60.735584 60.346058 59.959631 59.576604 59.19728 58.821962
