Density of Pottery Finds.asc
NCOLS 300
NROWS 300
XLLCORNER 415988
YLLCORNER 92795.7
DX 0.12
DY 0.15233
NODATA_VALUE -9999
[rows 234 to 259 of 300, columns 0 to 59 of 300]
214.24566 215.30389 216.37598 217.462 218.56205 219.67619 220.80446 221.94688 223.10345 224.27415 225.45892 226.65765 227.87023 229.09648 230.33616 231.58901 232.85468 234.13277 235.4228 236.7242 238.0363 239.35835 240.68947 242.02864 243.37472 244.72641 246.08221 247.44047 248.79929 250.15658 251.50995 252.85679 254.19414 255.51874 256.82698 258.11487 259.37799 260.61153 261.81019 262.96818 264.07922 265.1365 266.13265 267.05975 267.9093 268.67223 269.33891 269.89913 270.34216 270.65672 270.83103 270.85283 270.70943 270.38767 269.87401 269.15448 268.21469 267.03982 265.61457 263.92312
213.61633 214.64837 215.69317 216.75076 217.82118 218.90442 220.00047 221.1093 222.23083 223.36497 224.5116 225.67053 226.84156 228.02444 229.21884 230.42441 231.64072 232.86726 234.10345 235.34863 236.60202 237.86277 239.12988 240.40223 241.67858 242.95751 244.23743 245.51657 246.79296 248.0644 249.32846 250.58242 251.82331 253.04783 254.25237 255.43296 256.58524 257.70449 258.78555 259.82281 260.81022 261.74126 262.60891 263.40565 264.12348 264.75387 265.28779 265.71572 266.02766 266.21313 266.26118 266.16044 265.89911 265.465 264.84547 264.02755 262.99781 261.74245 260.24724 258.49756
212.96318 213.96893 214.98637 216.01549 217.05626 218.10863 219.17255 220.2479 221.33457 222.43239 223.54117 224.66067 225.79061 226.93065 228.08042 229.23947 230.40728 231.58327 232.76677 233.95704 235.15322 236.35435 237.55935 238.76704 239.97605 241.18491 242.39194 243.59531 244.79297 245.98267 247.16194 248.32804 249.47798 250.60847 251.71594 252.79647 253.8458 254.85934 255.83209 256.75865 257.63325 258.44965 259.20121 259.88084 260.48101 260.99373 261.41059 261.72272 261.92085 261.99526 261.93585 261.73212 261.37319 260.84782 260.14442 259.25106 258.15545 256.84502 255.30691 253.52799
212.28783 213.26726 214.25734 215.25801 216.26921 217.29083 218.32277 219.36486 220.41693 221.47875 222.55008 223.63062 224.72002 225.81788 226.92376 228.03714 229.15743 230.28399 231.41607 232.55286 233.69342 234.83673 235.98164 237.12689 238.27107 239.41262 240.54982 241.6808 242.80346 243.91554 245.01454 246.09772 247.16212 248.20449 249.2213 250.20876 251.16271 252.07871 252.95195 253.77729 254.5492 255.2618 255.90881 256.48356 256.97901 257.38771 257.70185 257.9132 258.0132 257.9929 257.84301 257.55392 257.11566 256.51801 255.75041 254.80208 253.66198 252.3189 250.76146 248.97829
211.59185 212.545 213.50778 214.48011 215.46188 216.45294 217.45313 218.46224 219.48006 220.5063 221.54066 222.5828 223.6323 224.68872 225.75155 226.82022 227.89407 228.97241 230.05443 231.13925 232.22588 233.31325 234.40015 235.48527 236.56715 237.6442 238.71468 239.77665 240.82805 241.86657 242.88974 243.89485 244.87898 245.83894 246.7713 247.67237 248.53814 249.36435 250.1464 250.87939 251.55809 252.17695 252.73007 253.21122 253.61382 253.93097 254.15542 254.27961 254.29564 254.19534 253.97021 253.61149 253.11018 252.45702 251.64256 250.65716 249.49108 248.1345 246.57762 244.81082
210.87679 211.80373 212.73935 213.68351 214.63605 215.5968 216.56555 217.54205 218.52603 219.51717 220.51513 221.5195 222.52983 223.54563 224.56633 225.59131 226.61988 227.65128 228.68466 229.7191 230.75356 231.78692 232.81795 233.84529 234.86746 235.88284 236.88967 237.88602 238.86982 239.83879 240.79048 241.72224 242.63119 243.51424 244.36808 245.18912 245.97355 246.71727 247.41593 248.06487 248.65916 249.1936 249.66266 250.06053 250.38112 250.61804 250.76462 250.81391 250.7587 250.59152 250.30469 249.89028 249.34021 248.6462 247.79985 246.79271 245.61627 244.2621 242.72193 240.98782
210.14412 211.04502 211.95365 212.86986 213.79344 214.7242 215.66187 216.60617 217.5568 218.5134 219.47558 220.44289 221.41484 222.39089 223.37045 224.35284 225.33735 226.32315 227.30939 228.29507 229.27916 230.26049 231.23781 232.20973 233.17476 234.13129 235.07753 236.0116 236.93141 237.83473 238.71917 239.58211 240.42079 241.23221 242.01316 242.76023 243.46975 244.13785 244.76039 245.33299 245.85103 246.30962 246.70363 247.02766 247.27609 247.44303 247.52237 247.50775 247.39261 247.17021 246.8336 246.37569 245.78926 245.06698 244.20149 243.18542 242.01148 240.67252 239.1617 237.47258
209.39528 210.27032 211.15221 212.04074 212.93569 213.83681 214.74383 215.65642 216.57424 217.4969 218.42398 219.35499 220.2894 221.22666 222.16611 223.10706 224.04876 224.99036 225.93097 226.86958 227.80511 228.73641 229.66218 230.58105 231.49151 232.39196 233.28064 234.15567 235.01501 235.85648 236.67773 237.47625 238.24934 238.99413 239.70755 240.38633 241.027 241.62588 242.17908 242.68249 243.13177 243.52239 243.84957 244.10835 244.29352 244.3997 244.42131 244.35256 244.18754 243.92015 243.54417 243.05329 242.44112 241.70123 240.82721 239.81272 238.65156 237.33778 235.86578 234.23044
208.63164 209.48108 210.3365 211.19767 212.06436 212.93627 213.8131 214.6945 215.5801 216.46949 217.36219 218.2577 219.15548 220.05491 220.95534 221.85604 222.75622 223.65504 224.55157 225.44479 226.33361 227.21686 228.09325 228.9614 229.81983 230.66694 231.501 232.32016 233.12244 233.90571 234.66769 235.40596 236.11793 236.80084 237.45176 238.06761 238.64507 239.1807 239.67084 240.11163 240.49906 240.8289 241.09674 241.298 241.42794 241.48161 241.45395 241.33974 241.13363 240.83016 240.42381 239.90897 239.28004 238.53141 237.65755 236.65305 235.5127 234.23157 232.80514 231.2294
207.85455 208.67865 209.50792 210.34211 211.18093 212.02409 212.87125 213.72203 214.57605 215.43285 216.29194 217.15281 218.01487 218.8775 219.74001 220.60167 221.46167 222.31914 223.17314 224.02266 224.8666 225.70378 226.53293 227.35268 228.16156 228.958 229.7403 230.50666 231.25516 231.98373 232.69018 233.37218 234.02725 234.65276 235.24593 235.80383 236.32336 236.80127 237.23413 237.61836 237.95023 238.22582 238.44109 238.59183 238.6737 238.68222 238.61279 238.4607 238.22118 237.88935 237.46031 236.92913 236.29092 235.54082 234.67409 233.68614 232.57263 231.32953 229.95319 228.44051
207.06525 207.86435 208.66783 209.47542 210.28683 211.10173 211.91976 212.74054 213.56363 214.38857 215.21487 216.04196 216.86926 217.69612 218.52185 219.3457 220.16684 220.9844 221.79745 222.60495 223.40583 224.1989 224.98291 225.75651 226.51825 227.26661 227.99992 228.71645 229.41431 230.09154 230.74602 231.37551 231.97767 232.54998 233.08983 233.59445 234.06092 234.48621 234.86711 235.20032 235.48235 235.70963 235.87843 235.98491 236.0251 235.99497 235.89035 235.70703 235.44073 235.08713 234.64192 234.10077 233.45942 232.71371 231.85958 230.89318 229.81089 228.60944 227.28591 225.83791
206.26497 207.03941 207.81749 208.59892 209.3834 210.17056 210.96005 211.75144 212.5443 213.33815 214.13246 214.92668 215.7202 216.51235 217.30244 218.08971 218.87333 219.65243 220.42606 221.19322 221.95281 222.70369 223.44462 224.17427 224.89123 225.59401 226.281 226.95052 227.60076 228.22983 228.8357 229.41625 229.96924 230.4923 230.98296 231.43861 231.85653 232.23389 232.56772 232.85493 233.09234 233.27665 233.40445 233.47225 233.47644 233.41337 233.27932 233.07051 232.78313 232.41338 231.95744 231.41157 230.77208 230.03538 229.19804 228.25684 227.2088 226.05123 224.78184 223.39879
205.45486 206.20501 206.95811 207.71385 208.47189 209.23188 209.99342 210.75609 211.51943 212.28296 213.04614 213.80839 214.5691 215.32761 216.08321 216.83514 217.58257 218.32463 219.06038 219.78883 220.50891 221.21947 221.91931 222.60714 223.28159 223.9412 224.58443 225.20964 225.81512 226.39905 226.9595 227.49444 228.00177 228.47925 228.92455 229.33524 229.70877 230.0425 230.33369 230.5795 230.77698 230.92313 231.01482 231.04888 231.02207 230.93109 230.77261 230.54325 230.23965 229.85844 229.39632 228.85 228.21631 227.49221 226.67478 225.76134 224.74944 223.6369 222.42192 221.10309
204.63601 205.36229 206.09085 206.82137 207.5535 208.28688 209.0211 209.75572 210.49028 211.22428 211.95717 212.68838 213.41729 214.14322 214.86548 215.58329 216.29584 217.00227 217.70165 218.393 219.07527 219.74734 220.40804 221.0561 221.69022 222.30896 222.91087 223.49436 224.05779 224.59943 225.11744 225.60992 226.07486 226.51018 226.91367 227.28307 227.61602 227.91006 228.16266 228.3712 228.53299 228.64526 228.7052 228.70992 228.6565 228.54197 228.36336 228.11768 227.80195 227.41323 226.94861 226.40527 225.78049 225.07167 224.27637 223.39236 222.41761 221.35041 220.18932 218.93328
203.80949 204.51231 205.21678 205.92259 206.62936 207.33672 208.04425 208.75151 209.45803 210.1633 210.86677 211.56786 212.26595 212.96037 213.65041 214.33532 215.0143 215.68648 216.35096 217.00678 217.6529 218.28825 218.91167 219.52196 220.11782 220.69792 221.26082 221.80503 222.32897 222.831 223.30939 223.76233 224.18794 224.58424 224.94921 225.28072 225.57657 225.8345 226.05217 226.22718 226.35706 226.4393 226.47134 226.45057 226.37436 226.24007 226.04504 225.78662 225.46219 225.06918 224.60507 224.06741 223.45388 222.76229 221.9906 221.13694 220.1997 219.17748 218.06918 216.874
202.97626 203.65606 204.33694 205.01854 205.70051 206.38245 207.06394 207.74454 208.42377 209.10111 209.77602 210.44791 211.11617 211.78012 212.43908 213.09229 213.73896 214.37825 215.00927 215.63107 216.24266 216.84299 217.43094 218.00534 218.56496 219.1085 219.6346 220.14183 220.62871 221.09365 221.53504 221.95116 222.34026 222.70049 223.02994 223.32666 223.5886 223.81367 223.99972 224.14455 224.24592 224.30153 224.30907 224.26619 224.17053 224.01973 223.81142 223.54328 223.213 222.81833 222.35709 221.82719 221.22665 220.55362 219.80639 218.98346 218.08349 217.10541 216.04838 214.91183
202.13727 202.79451 203.45227 204.1102 204.76793 205.42506 206.08118 206.73582 207.3885 208.03872 208.68593 209.32954 209.96894 210.60347 211.23245 211.85513 212.47074 213.07845 213.6774 214.26666 214.84528 215.41222 215.96642 216.50675 217.03202 217.541 218.03239 218.50483 218.95689 219.38711 219.79394 220.17579 220.53099 220.85784 221.15456 221.41931 221.65023 221.84539 222.0028 222.12047 222.19634 222.22834 222.21437 222.15232 222.04009 221.87556 221.65664 221.38129 221.04748 220.65326 220.19674 219.67615 219.0898 218.43613 217.71376 216.92143 216.05811 215.12295 214.11535 213.03493
201.2934 201.92854 202.56369 203.19848 203.83255 204.46549 205.09688 205.72626 206.35316 206.97705 207.59741 208.21364 208.82515 209.43128 210.03136 210.62465 211.21041 211.78783 212.35606 212.91421 213.46134 213.99647 214.51857 215.02656 215.5193 215.9956 216.45425 216.89393 217.31332 217.71101 218.08556 218.43548 218.75921 219.05515 219.32166 219.55705 219.75957 219.92747 220.05893 220.15211 220.20517 220.21621 220.18334 220.10469 219.97835 219.80246 219.57517 219.29467 218.95922 218.5671 218.11671 217.60652 217.03512 216.40122 215.70367 214.94147 214.11382 213.22009 212.25985 211.23291
200.44548 201.059 201.67203 202.28423 202.89522 203.50458 204.11191 204.71674 205.31859 205.91695 206.5113 207.10105 207.68561 208.26434 208.83657 209.4016 209.95869 210.50705 211.04586 211.57426 212.09135 212.59617 213.08775 213.56503 214.02695 214.47236 214.90011 215.30896 215.69766 216.06488 216.40927 216.72943 217.02391 217.29122 217.52984 217.7382 217.91471 218.05775 218.16565 218.23674 218.26935 218.26176 218.21229 218.11922 217.98089 217.79564 217.56183 217.27788 216.94227 216.55353 216.11027 215.61121 215.05517 214.44107 213.76799 213.03516 212.24195 211.38792 210.47282 209.49659
199.5943 200.18666 200.7781 201.36825 201.95673 202.54314 203.12706 203.70803 204.28558 204.8592 205.42836 205.9925 206.55104 207.10334 207.64876 208.18661 208.71616 209.23666 209.74731 210.24728 210.73569 211.21165 211.67419 212.12233 212.55504 212.97125 213.36984 213.74966 214.10951 214.44817 214.76436 215.05676 215.32404 215.5648 215.77764 215.96112 216.11376 216.23408 216.32057 216.3717 216.38594 216.36177 216.29766 216.19209 216.04356 215.8506 215.6118 215.32575 214.99114 214.60671 214.17128 213.68376 213.14316 212.54863 211.89943 211.19495 210.43475 209.61855 208.74623 207.81787
198.74058 199.31228 199.88263 200.45128 201.01783 201.5819 202.14306 202.70086 203.25484 203.80448 204.34928 204.88867 205.42209 205.94892 206.46853 206.98024 207.48336 207.97714 208.46083 208.93363 209.39468 209.84313 210.27806 210.69854 211.10357 211.49214 211.86321 212.21568 212.54842 212.86028 213.15008 213.41657 213.65852 213.87464 214.06363 214.22415 214.35486 214.45439 214.52137 214.55441 214.55214 214.51316 214.43611 214.31964 214.16242 213.96316 213.72059 213.43351 213.10077 212.72131 212.29411 211.81827 211.29298 210.71755 210.0914 209.41409 208.68532 207.90494 207.07298 206.1896
197.88501 198.43653 198.98631 199.534 200.07921 200.62155 201.16059 201.69591 202.22702 202.75345 203.27468 203.79016 204.29934 204.80162 205.29638 205.78297 206.26071 206.7289 207.18678 207.6336 208.06855 208.49079 208.89945 209.29365 209.67245 210.03487 210.37994 210.70662 211.01386 211.30057 211.56564 211.80793 212.02627 212.21949 212.38636 212.52567 212.63618 212.71665 212.76582 212.78243 212.76524 212.713 212.62449 212.49849 212.33384 212.12939 211.88404 211.59675 211.26652 210.89243 210.47365 210.00942 209.49909 208.9421 208.33803 207.68656 206.98753 206.24089 205.44678 204.60547
197.02824 197.56007 198.08979 198.61705 199.14149 199.6627 200.18027 200.69377 201.20273 201.70668 202.20511 202.6975 203.1833 203.66192 204.13277 204.59522 205.0486 205.49225 205.92543 206.34742 206.75745 207.15471 207.53839 207.90762 208.26153 208.5992 208.9197 209.22206 209.50528 209.76836 210.01024 210.22988 210.42619 210.59808 210.74442 210.86409 210.95597 211.01891 211.05177 211.05341 211.0227 210.95854 210.85981 210.72545 210.55441 210.34569 210.09833 209.81141 209.4841 209.11562 208.70525 208.25238 207.75649 207.21715 206.63405 206.007 205.33592 204.62089 203.86212 203.05996
196.17088 196.68349 197.19366 197.70104 198.20526 198.70594 199.20266 199.695 200.1825 200.66469 201.14109 201.61118 202.07442 202.53025 202.9781 203.41734 203.84734 204.26746 204.677 205.07525 205.46149 205.83494 206.19483 206.54034 206.87063 207.18485 207.48211 207.7615 208.02209 208.26293 208.48306 208.68148 208.85719 209.00918 209.13643 209.23788 209.31252 209.3593 209.37718 209.36513 209.32213 209.24718 209.1393 208.99753 208.82096 208.60869 208.3599 208.07379 207.74965 207.38681 206.98469 206.54279 206.06069 205.53808 204.97476 204.37061 203.72567 203.04009 202.31413 201.54825
195.31348 195.80735 196.29847 196.7865 197.27107 197.7518 198.22828 198.7001 199.16681 199.62796 200.08306 200.53162 200.9731 201.40698 201.83269 202.24962 202.65719 203.05475 203.44165 203.81721 204.18072 204.53147 204.8687 205.19165 205.49952 205.7915 206.06676 206.32445 206.56369 206.78359 206.98326 207.16177 207.3182 207.4516 207.56104 207.64555 207.7042 207.73603 207.7401 207.71548 207.66124 207.5765 207.46036 207.31199 207.13056 206.91531 206.66551 206.38047 206.05959 205.70231 205.30815 204.87671 204.40766 203.90079 203.35597 202.77319 202.15253 201.49422 200.79859 200.06613
194.45657 194.93217 195.40474 195.87394 196.33941 196.80076 197.25761 197.70954 198.15612 198.5969 199.03142 199.45919 199.8797 200.29243 200.69683 201.09233 201.47835 201.85428 202.2195 202.57334 202.91515 203.24424 203.55988 203.86136 204.14793 204.41881 204.67323 204.91039 205.12946 205.32962 205.51003 205.66983 205.80816 205.92416 206.01696 206.08568 206.12945 206.14742 206.13871 206.10249 206.03793 205.94422 205.82058 205.66625 205.48052 205.26271 205.01218 204.72836 204.41072 204.0588 203.6722 203.25061 202.7938 202.30161 201.774 201.211 200.61278 199.97959 199.31183 198.61
