Density of Pottery Finds.asc
NCOLS 300
NROWS 300
XLLCORNER 415988
YLLCORNER 92795.7
DX 0.12
DY 0.15233
NODATA_VALUE -9999
[rows 208 to 233 of 300, columns 180 to 239 of 300]
36.577447 39.03541 41.25114 43.228636 44.977137 46.509289 47.839744 48.984132 49.958323 50.777899 51.457802 52.012101 52.453845 52.794988 53.046355 53.217647 53.317467 53.353369 53.331917 53.258755 53.138683 52.975738 52.773279 52.534071 52.260372 51.954011 51.616472 51.248968 50.852513 50.427986 49.976193 49.49792 48.993975 48.465232 47.912662 47.337356 46.740542 46.123597 45.488049 44.835571 44.167973 43.487184 42.795229 42.0942 41.386229 40.673448 39.957956 39.241781 38.526846 37.814935 37.107663 36.406461 35.712552 35.026951 34.350467 33.683714 33.027129 32.38101 31.745539 31.120831
35.485532 38.021153 40.294956 42.313866 44.089878 45.638147 46.975574 48.119769 49.08833 49.898334 50.566007 51.106502 51.533778 51.860534 52.098189 52.256899 52.345597 52.372046 52.342917 52.263864 52.139617 51.974073 51.770391 51.531094 51.258162 50.953127 50.617166 50.251185 49.8559 49.431912 48.979773 48.500046 47.993356 47.460433 46.902146 46.319532 45.713811 45.086397 44.438901 43.773121 43.091032 42.394759 41.686556 40.968764 40.243778 39.513999 38.781794 38.049445 37.319104 36.592758 35.872185 35.158929 34.454279 33.759263 33.074648 32.400959 31.7385 31.087402 30.447657 29.819182
34.803705 37.355635 39.633718 41.647048 43.409605 44.938328 46.251701 47.368731 48.308239 49.088366 49.726255 50.237841 50.637731 50.939147 51.15391 51.292458 51.363897 51.376057 51.335575 51.247986 51.117822 50.948714 50.743504 50.504356 50.232862 49.930153 49.597 49.233911 48.841223 48.419186 47.968034 47.488054 46.979643 46.44335 45.879921 45.290321 44.675757 44.037683 43.377804 42.698065 42.000631 41.287865 40.562287 39.826538 39.083327 38.335381 37.585389 36.835938 36.089466 35.348201 34.614119 33.888903 33.173919 32.470202 31.778461 31.099095 30.432231 29.777771 29.135454 28.504929
34.538849 37.040783 39.265715 41.223827 42.930062 44.402219 45.659554 46.721782 47.608364 48.338028 48.928437 49.395978 49.755634 50.020921 50.203861 50.315001 50.363455 50.35697 50.302007 50.203838 50.066658 49.8937 49.687354 49.449296 49.18061 48.881908 48.553446 48.195237 47.807149 47.388999 46.940636 46.462013 45.953248 45.414678 44.846896 44.250783 43.627525 42.978624 42.305893 41.611448 40.897682 40.167233 39.422942 38.667804 37.904909 37.137373 36.368275 35.600577 34.837063 34.080261 33.332388 32.595301 31.870457 31.158899 30.461254 29.777757 29.108296 28.452473 27.809686 27.179225
34.670871 37.05667 39.171496 41.025394 42.633147 44.012425 45.182414 46.162829 46.973194 47.632349 48.158094 48.566958 48.874047 49.092952 49.235712 49.312815 49.333229 49.304466 49.23266 49.122676 48.978225 48.801992 48.595773 48.360616 48.096959 47.804767 47.483665 47.133058 46.752248 46.340534 45.897304 45.422116 44.914763 44.375328 43.804227 43.202242 42.570535 41.910663 41.224569 40.514567 39.783315 39.033779 38.269179 37.492933 36.708583 35.919717 35.129886 34.342511 33.560798 32.787649 32.025585 31.276677 30.542503 29.824114 29.122033 28.436285 27.766445 27.111722 26.471062 25.843274
35.152722 37.361844 39.31435 41.019014 42.48943 43.742248 44.795833 45.669279 46.381673 46.951566 47.396577 47.733124 47.976225 48.139372 48.234466 48.27179 48.260024 48.2063 48.116282 47.994274 47.843344 47.665475 47.461707 47.232306 46.976914 46.694709 46.384551 46.045121 45.675047 45.273019 44.837887 44.368749 43.865019 43.326492 42.75338 42.146352 41.506548 40.835589 40.135566 39.409028 38.658945 37.888665 37.101855 36.302433 35.494481 34.682154 33.869574 33.060722 32.259328 31.468759 30.691918 29.931157 29.188208 28.464143 27.759364 27.073627 26.406111 25.755514 25.120189 24.49831
35.914318 37.896544 39.642932 41.160158 42.459877 43.557068 44.46873 45.212895 45.807867 46.271632 46.621424 46.873382 47.042303 47.141469 47.18253 47.175452 47.128508 47.048319 46.939932 46.80693 46.651577 46.474976 46.277242 46.057681 45.814977 45.547363 45.252792 44.92909 44.5741 44.185803 43.76243 43.302552 42.805158 42.269711 41.696201 41.08517 40.437738 39.7556 39.041027 38.296834 37.526354 36.73338 35.922103 35.097027 34.262876 33.42448 32.586653 31.75406 30.931077 30.121652 29.329178 28.55637 27.805178 27.076717 26.371253 25.68822 25.026297 24.383529 23.7575 23.145544
36.869812 38.588388 40.09571 41.395982 42.498569 43.416463 44.165044 44.761082 45.221947 45.564967 45.806916 45.963611 46.049593 46.077889 46.059852 46.005057 45.921276 45.814497 45.689005 45.547502 45.391262 45.220318 45.033662 44.829452 44.605225 44.358098 44.084957 43.782637 43.448072 43.078435 42.671253 42.224506 41.736704 41.206951 40.634988 40.021226 39.366765 38.673395 37.943586 37.180468 36.387785 35.569843 34.731437 33.877758 33.014282 32.146642 31.280484 30.421301 29.574268 28.744066 27.934711 27.149402 26.390391 25.658888 24.95502 24.277843 23.625424 22.994988 22.38313 21.786087
37.926792 39.359493 40.606486 41.669617 42.556037 43.276811 43.845754 44.278444 44.591398 44.801369 44.92477 44.97718 44.972954 44.924912 44.844117 44.739731 44.61895 44.487023 44.347322 44.201487 44.0496 43.890407 43.721555 43.539832 43.341423 43.122133 42.877612 42.603549 42.295846 41.950763 41.565041 41.136006 40.661647 40.140673 39.572565 38.957598 38.296858 37.592247 36.846468 36.063 35.246056 34.400525 33.531891 32.646134 31.749606 30.848886 29.950608 29.061271 28.187031 27.333486 26.505456 25.706782 24.940146 24.206933 23.507157 22.839453 22.201158 21.588479 20.996759 20.420817
38.995623 40.133757 41.110074 41.924605 42.582738 43.094007 43.471013 43.728463 43.882316 43.949034 43.944919 43.885538 43.785244 43.656784 43.511005 43.35667 43.200353 43.04645 42.897263 42.753162 42.612803 42.473392 42.330969 42.180704 42.017187 41.8347 41.627466 41.389871 41.116652 40.803052 40.44495 40.038962 39.582516 39.07391 38.512351 37.89798 37.231883 36.516094 35.753575 34.948197 34.104695 33.228605 32.326187 31.404316 30.47035 29.531966 28.596965 27.673052 26.767583 25.887301 25.038057 24.224547 23.450064 22.716302 22.023226 21.36903 20.750208 20.161737 19.597395 19.05019
39.997294 40.843093 41.547272 42.108867 42.532232 42.826019 43.002197 43.075134 43.060727 42.975595 42.83634 42.658874 42.457841 42.246134 42.034527 41.831427 41.642755 41.471933 41.320004 41.185823 41.066337 40.956908 40.851666 40.743863 40.626226 40.49127 40.331588 40.140094 39.910229 39.636122 39.312722 38.935888 38.502467 38.010331 37.458419 36.846747 36.176417 35.449614 34.669592 33.840649 32.968086 32.058149 31.117953 30.15537 29.178892 28.197453 27.220214 26.25631 25.314549 24.403093 23.529113 22.698436 21.915219 21.181667 20.497821 19.861464 19.268155 18.711419 18.18312 17.673981
40.868738 41.431866 41.86855 42.177781 42.363753 42.435033 42.403703 42.28448 42.093847 41.849184 41.56794 41.266855 40.961266 40.664516 40.387498 40.138348 39.922286 39.741624 39.595906 39.482172 39.39531 39.328469 39.273497 39.221385 39.162681 39.087866 38.987681 38.853397 38.677033 38.451519 38.170818 37.830013 37.425356 36.954307 36.415551 35.808999 35.135793 34.398295 33.600075 32.745886 31.841633 30.894321 29.911983 28.903578 27.87885 26.848147 25.822188 24.811776 23.827458 22.879138 21.975649 21.124309 20.330478 19.597166 18.92471 18.310581 17.749362 17.232926 16.750837 16.290991
41.56537 41.85927 42.036252 42.096201 42.044047 41.889133 41.644472 41.325929 40.951332 40.539552 40.109563 39.679536 39.266009 38.883162 38.542252 38.251236 38.014585 37.833308 37.705151 37.624949 37.585092 37.57606 37.586975 37.606156 37.621612 37.621495 37.59446 37.529967 37.418497 37.251716 37.022577 36.725382 36.355816 35.910954 35.389263 34.790586 34.116136 33.368478 32.551519 31.67049 30.73192 29.7436 28.714526 27.654808 26.575539 25.488621 24.406517 23.341945 22.307494 21.315172 20.375887 19.498885 18.691176 17.956986 17.297282 16.709442 16.187121 15.720381 15.296112 14.898781
42.061182 42.099865 42.025437 41.839501 41.548559 41.163563 40.699301 40.173632 39.606584 39.019352 38.433234 37.868563 37.343691 36.874104 36.471719 36.14442 35.895842 35.725435 35.628745 35.597905 35.622254 35.689035 35.784109 35.892635 35.999681 36.090744 36.152157 36.171408 36.137355 36.040365 35.872386 35.626983 35.299325 34.886166 34.385815 33.798102 33.124353 32.367367 31.531407 30.622186 29.646862 28.614014 27.533611 26.416944 25.276518 24.125889 22.979428 21.851997 20.758533 19.713535 18.730446 17.820967 16.994312 16.256473 15.609538 15.051158 14.57425 14.167008 13.813314 13.493581
42.347137 42.142771 41.823705 41.393907 40.86215 40.241755 39.550099 38.807903 38.03831 37.265779 36.514854 35.808885 35.168776 34.611883 34.151127 33.794424 33.544442 33.398716 33.350071 33.387292 33.495971 33.659418 33.859583 34.077911 34.29607 34.496561 34.663165 34.781265 34.838044 34.822582 34.725884 34.540859 34.262261 33.886622 33.412184 32.838842 32.168089 31.402997 30.548196 29.60988 28.595811 27.515329 26.379348 25.200323 23.992179 22.77018 21.550713 20.35097 19.188517 18.080725 17.044066 16.09328 15.240451 14.49403 13.857893 13.330532 12.904498 12.566229 12.296373 12.0707
42.428637 41.99013 41.430481 40.756456 39.979637 39.116351 38.187313 37.216973 36.232552 35.262807 34.336582 33.481247 32.721133 32.076135 31.560585 31.182529 30.943468 30.838553 30.857202 30.984041 31.20004 31.483733 31.8124 32.163128 32.513696 32.843263 33.132852 33.365653 33.527176 33.605291 33.590178 33.474233 33.251944 32.919766 32.476001 31.920707 31.255624 30.484134 29.61125 28.643626 27.589588 26.459177 25.264175 24.018134 22.736343 21.435751 20.134797 18.853116 17.611119 16.429388 15.327896 14.32504 13.436509 12.674039 12.044141 11.546929 11.175206 10.913992 10.740668 10.62589
42.322753 41.655333 40.856127 39.934907 38.906403 37.79044 36.611734 35.399295 34.185416 33.004278 31.890217 30.875784 29.989772 29.255409 28.688906 28.298545 28.084375 28.03855 28.146215 28.386819 28.735656 29.165479 29.648022 30.155313 30.660731 31.13977 31.570534 31.933996 32.214078 32.397587 32.474069 32.435617 32.276659 31.99376 31.585448 31.052073 30.395711 29.620109 28.730674 27.734497 26.640407 25.459049 24.202967 22.886677 21.526708 20.141592 18.751754 17.379286 16.04755 14.780581 13.602254 12.535197 11.599452 10.810936 10.179785 9.7087236 9.3916795 9.2128725 9.1466535 9.1583211
42.055695 41.161409 40.121198 38.947809 37.659252 36.279175 34.836825 33.366539 31.906685 30.498061 29.181807 27.996988 26.978059 26.152514 25.538996 25.146115 24.972105 25.005356 25.225675 25.60611 26.115033 26.718272 27.381046 28.069594 28.752398 29.401013 29.990546 30.499822 30.911345 31.211097 31.38826 31.434898 31.345641 31.117397 30.749115 30.241592 29.59735 28.820565 27.917056 26.894321 25.761622 24.5301 23.212907 21.825354 20.38502 18.911827 17.428024 15.958039 14.528157 13.165956 11.899466 10.755988 9.760578 8.9341969 8.2916332 7.8393413 7.5734533 7.478286 7.5257148 7.6757702
41.660723 40.539733 39.255934 37.824795 36.267524 34.611713 32.891513 31.147242 29.424285 27.77127 26.237546 24.870147 23.710546 22.791573 22.134935 21.749668 21.631749 21.764887 22.12231 22.669257 23.365786 24.169553 25.038268 25.93166 26.812886 27.649393 28.413314 29.081508 29.635335 30.060279 30.345502 30.48337 30.46902 30.29997 29.97581 29.497957 28.869505 28.095132 27.181093 26.135274 24.967297 23.688682 22.313034 20.856252 19.336731 17.775528 16.196452 14.626024 13.093261 11.629185 10.266016 9.0359476 7.9694831 7.0933043 6.4277536 5.9840867 5.7617857 5.746341 5.908002 6.2020103
41.176533 39.829006 38.29989 36.606921 34.774215 32.833209 30.823123 28.79072 26.789209 24.876176 23.110563 21.548885 20.24107 19.226445 18.530471 18.162719 18.116416 18.369578 18.887495 19.626095 20.535674 21.564474 22.661751 23.780117 24.877108 25.916026 26.866202 27.702824 28.406482 28.962568 29.360616 29.593667 29.65769 29.551092 29.274332 28.829628 28.22077 27.453023 26.533116 25.469311 24.271536 22.951588 21.523372 20.003179 18.409971 16.76565 15.095259 13.427069 11.792486 10.225675 8.7628209 7.4409172 6.2959984 5.3607701 4.6616734 4.2155396 4.0261515 4.0812073 4.3503286 4.7848108
40.645925 39.074289 37.301403 35.346667 33.236615 31.00622 28.699675 26.370387 24.079924 21.895721 19.887513 18.122677 16.660968 15.549353 14.817743 14.476361 14.515192 14.905563 15.603496 16.554177 17.696806 18.969136 20.311225 21.668171 22.991796 24.241406 25.383846 26.39304 27.24926 27.938245 28.450318 28.779561 28.923088 28.880459 28.65321 28.244523 27.659009 26.902598 25.982541 24.907482 23.687628 22.334982 20.863633 19.290101 17.633696 15.916884 14.165602 12.409475 10.681847 9.0195459 7.4622374 6.0512635 4.8278223 3.8304107 3.0915237 2.6337499 2.4656027 2.5776607 2.9398083 3.5004664
40.11447 38.325739 36.316457 34.106998 31.725704 29.210566 26.610378 23.985033 21.404581 18.946754 16.692831 14.722035 13.105011 11.897284 11.133804 10.825559 10.958902 11.497659 12.387527 13.561855 14.947797 16.471931 18.064751 19.663774 21.21529 22.674964 24.007597 25.186338 26.191605 27.009916 27.632758 28.055563 28.276852 28.297538 28.120401 27.74971 27.19099 26.45091 25.537285 24.45917 23.227052 21.853112 20.351565 18.739051 17.035072 15.262434 13.447664 11.621341 9.8182519 8.077279 6.4408607 4.9538888 3.6618705 2.6082329 1.8307286 1.3570643 1.2001094 1.3533345 1.7874019 2.4489758
39.628863 37.636661 35.406432 32.958869 30.323456 27.540534 24.662861 21.756247 18.898792 16.178292 13.687583 11.517976 9.7513904 8.4523339 7.6610981 7.3895178 7.6201409 8.30892 9.3907686 10.786793 12.411857 14.181341 16.016376 17.847281 19.615309 21.273026 22.783729 24.120273 25.263646 26.201485 26.926705 27.436297 27.730334 27.811194 27.682977 27.351101 26.822055 26.103289 25.20322 24.131349 22.898467 21.516952 20.001138 18.367753 16.636405 14.830091 12.97569 11.104378 9.2518848 7.458469 5.7684638 4.229219 2.8892511 1.7954467 0.9892577 0.50200046 0.34964398 0.52779873 1.007934 1.7360105
39.234712 37.060605 34.634445 31.976711 29.11742 26.098539 22.975924 19.820315 16.716786 13.762106 11.059652 8.7119556 6.8115714 5.4315746 4.6174113 4.3817672 4.7035571 5.5311907 6.789293 8.3873815 10.228826 12.218704 14.269711 16.305862 18.26419 20.094853 21.760193 23.233188 24.495677 25.536597 26.350392 26.935645 27.293984 27.429232 27.34678 27.05317 26.555839 25.863015 24.983732 23.927962 22.706841 21.332985 19.820886 18.187374 16.452146 14.638304 12.772898 10.887393 9.0179672 7.2055381 5.4953397 3.9358724 2.5770261 1.467213 0.64944539 0.15648863 0.0055042312 0.19294819 0.69080341 1.4453615
38.973731 36.647523 34.060279 31.231942 28.192597 24.985136 21.667514 18.314042 15.01505 11.874259 9.0033818 6.5139825 4.5072933 3.0634648 2.2322396 2.0270268 2.4237075 3.3643827 4.7650949 6.5257523 8.5402847 10.705419 12.927138 15.124579 17.23164 19.196848 20.98208 22.5607 23.91549 25.036655 25.920052 26.565705 26.976624 27.157907 27.11609 26.858713 26.394069 25.731104 24.879441 23.849528 22.652873 21.30237 19.812717 18.200885 16.486657 14.693182 12.847525 10.981133 9.1301344 7.3353504 5.6418461 4.0978443 2.7528059 1.6545285 0.84522393 0.35673818 0.20536915 0.38706651 0.87407586 1.6141619
38.88055 36.439356 33.734481 30.785257 27.621551 24.286579 20.839335 17.356079 13.93015 10.669362 7.690459 5.1105529 3.0362867 1.5522725 0.71097502 0.52623264 0.97191049 1.9859465 3.4787338 5.3438796 7.4691627 9.7459263 12.075898 14.375203 16.575902 18.625679 20.486338 22.131713 23.545406 24.718636 25.648356 26.335687 26.784687 27.001422 26.993305 26.768656 26.336452 25.706233 24.888136 23.893042 22.732821 21.420662 19.971487 18.402416 16.733296 14.987234 13.191117 11.376038 9.5775367 7.8355477 6.1938734 4.6990322 3.3983014 2.3368429 1.5539197 1.0784105 0.92410213 1.0855247 1.5352957 2.2239331
