Ground Level.asc
NCOLS 300
NROWS 300
XLLCORNER 415967
YLLCORNER 92781.9
DX 0.3
DY 0.16667
NODATA_VALUE -9999
[rows 0 to 28 of 300, columns 132 to 197 of 300]
-0.35563112 -0.36642374 -0.37721635 -0.38800897 -0.39880158 -0.4095942 -0.42038681 -0.43195784 -0.44396749 -0.45597714 -0.46798679 -0.47999644 -0.49200609 -0.50401574 -0.5160254 -0.52803505 -0.5400447 -0.55205435 -0.564064 -0.57607365 -0.5880833 -0.60009295 -0.6121026 -0.62411225 -0.6361219 -0.50480223 0.049231098 -9999 -9999 -9999 -9999 -9999 -9999 -9999 -9999 -9999 -9999 -9999 -9999 -9999 -9999 -9999 -9999 -9999 -9999 -9999 -9999 -9999 -9999 -9999 -9999 -9999 -9999 -9999 -9999 -9999 -9999 -9999 -9999 -9999 -9999 -9999 -9999 -9999 -9999 -9999
-0.34970075 -0.36049336 -0.37128598 -0.38207859 -0.39287121 -0.40366382 -0.41445644 -0.42524905 -0.43604167 -0.44722653 -0.45923618 -0.47124583 -0.48325549 -0.49526514 -0.50727479 -0.51928444 -0.53129409 -0.54330374 -0.55531339 -0.56732304 -0.57933269 -0.59134234 -0.60335199 -0.61536164 -0.6273713 -0.63938095 -0.6513906 -0.36066225 -9999 -9999 -9999 -9999 -9999 -9999 -9999 -9999 -9999 -9999 -9999 -9999 -9999 -9999 -9999 -9999 -9999 -9999 -9999 -9999 -9999 -9999 -9999 -9999 -9999 -9999 -9999 -9999 -9999 -9999 -9999 -9999 -9999 -9999 -9999 -9999 -9999 -9999
-0.34693718 -0.35456299 -0.3653556 -0.37614822 -0.38694083 -0.39773345 -0.40852606 -0.41931868 -0.43011129 -0.44090391 -0.45169652 -0.46249523 -0.47450488 -0.48651453 -0.49852418 -0.51053383 -0.52254348 -0.53455313 -0.54656278 -0.55857243 -0.57058208 -0.58259173 -0.59460139 -0.60661104 -0.61862069 -0.63063034 -0.64263999 -0.65464964 -0.66665929 -0.21652227 -9999 -9999 -9999 -9999 -9999 -9999 -9999 -9999 -9999 -9999 -9999 -9999 -9999 -9999 -9999 -9999 -9999 -9999 -9999 -9999 -9999 -9999 -9999 -9999 -9999 -9999 -9999 -9999 -9999 -9999 -9999 -9999 -9999 -9999 -9999 -9999
-0.36732398 -0.36243899 -0.35942523 -0.37021784 -0.38101046 -0.39180307 -0.40259569 -0.4133883 -0.42418092 -0.43497353 -0.44576615 -0.45655876 -0.46735138 -0.478144 -0.48977357 -0.50178322 -0.51379287 -0.52580252 -0.53781217 -0.54982182 -0.56183147 -0.57384113 -0.58585078 -0.59786043 -0.60987008 -0.62187973 -0.63388938 -0.64589903 -0.65790868 -0.66991833 -0.62641563 -0.072382292 -9999 -9999 -9999 -9999 -9999 -9999 -9999 -9999 -9999 -9999 -9999 -9999 -9999 -9999 -9999 -9999 -9999 -9999 -9999 -9999 -9999 -9999 -9999 -9999 -9999 -9999 -9999 -9999 -9999 -9999 -9999 -9999 -9999 -9999
-0.38771078 -0.38282579 -0.3779408 -0.37305581 -0.37508008 -0.3858727 -0.39666531 -0.40745793 -0.41825054 -0.42904316 -0.43983577 -0.45062839 -0.461421 -0.47221362 -0.48300624 -0.49379885 -0.50504226 -0.51705191 -0.52906156 -0.54107122 -0.55308087 -0.56509052 -0.57710017 -0.58910982 -0.60111947 -0.61312912 -0.62513877 -0.63714842 -0.64915807 -0.66116772 -0.67317737 -0.68518703 -0.48227564 0.071757689 -9999 -9999 -9999 -9999 -9999 -9999 -9999 -9999 -9999 -9999 -9999 -9999 -9999 -9999 -9999 -9999 -9999 -9999 -9999 -9999 -9999 -9999 -9999 -9999 -9999 -9999 -9999 -9999 -9999 -9999 -9999 -9999
-0.40500832 -0.4032126 -0.39832761 -0.39344261 -0.38855762 -0.38367263 -0.39073494 -0.40152755 -0.41232017 -0.42311278 -0.4339054 -0.44469801 -0.45549063 -0.46628325 -0.47707586 -0.48786848 -0.49866109 -0.50945371 -0.52031096 -0.53232061 -0.54433026 -0.55633991 -0.56834956 -0.58035921 -0.59236886 -0.60437851 -0.61638816 -0.62839781 -0.64040746 -0.65241712 -0.66442677 -0.67643642 -0.68844607 -0.70045572 -0.33813566 -9999 -9999 -9999 -9999 -9999 -9999 -9999 -9999 -9999 -9999 -9999 -9999 -9999 -9999 -9999 -9999 -9999 -9999 -9999 -9999 -9999 -9999 -9999 -9999 -9999 -9999 -9999 -9999 -9999 -9999 -9999
-0.39952747 -0.41280826 -0.41871441 -0.41382942 -0.40894443 -0.40405943 -0.39917444 -0.39559718 -0.40638979 -0.41718241 -0.42797502 -0.43876764 -0.44956025 -0.46035287 -0.47114549 -0.4819381 -0.49273072 -0.50352333 -0.51431595 -0.52510856 -0.53590118 -0.5475893 -0.55959895 -0.5716086 -0.58361825 -0.5956279 -0.60763755 -0.61964721 -0.63165686 -0.64366651 -0.65567616 -0.66768581 -0.67969546 -0.69170511 -0.70371476 -0.71572441 -0.19399568 -9999 -9999 -9999 -9999 -9999 -9999 -9999 -9999 -9999 -9999 -9999 -9999 -9999 -9999 -9999 -9999 -9999 -9999 -9999 -9999 -9999 -9999 -9999 -9999 -9999 -9999 -9999 -9999 -9999
-0.39404661 -0.40732741 -0.42060821 -0.433889 -0.42933123 -0.42444624 -0.41956125 -0.41467625 -0.40979126 -0.41125203 -0.42204465 -0.43283726 -0.44362988 -0.4544225 -0.46521511 -0.47600773 -0.48680034 -0.49759296 -0.50838557 -0.51917819 -0.5299708 -0.54076342 -0.55155603 -0.56285799 -0.57486764 -0.58687729 -0.59888695 -0.6108966 -0.62290625 -0.6349159 -0.64692555 -0.6589352 -0.67094485 -0.6829545 -0.69496415 -0.7069738 -0.71898345 -0.60388903 -0.049855701 -9999 -9999 -9999 -9999 -9999 -9999 -9999 -9999 -9999 -9999 -9999 -9999 -9999 -9999 -9999 -9999 -9999 -9999 -9999 -9999 -9999 -9999 -9999 -9999 -9999 -9999 -9999
-0.38856576 -0.40184656 -0.41512735 -0.42840815 -0.44168894 -0.44483304 -0.43994805 -0.43506306 -0.43017807 -0.42529307 -0.42040808 -0.42690689 -0.4376995 -0.44849212 -0.45928474 -0.47007735 -0.48086997 -0.49166258 -0.5024552 -0.51324781 -0.52404043 -0.53483304 -0.54562566 -0.55641827 -0.56721089 -0.57812669 -0.59013634 -0.60214599 -0.61415564 -0.62616529 -0.63817494 -0.65018459 -0.66219424 -0.67420389 -0.68621354 -0.69822319 -0.71023285 -0.7222425 -0.73425215 -0.45974905 0.09428428 -9999 -9999 -9999 -9999 -9999 -9999 -9999 -9999 -9999 -9999 -9999 -9999 -9999 -9999 -9999 -9999 -9999 -9999 -9999 -9999 -9999 -9999 -9999 -9999 -9999
-0.38308491 -0.3963657 -0.4096465 -0.42292729 -0.43620809 -0.44948888 -0.46033485 -0.45544986 -0.45056487 -0.44567988 -0.44079489 -0.43590989 -0.43176913 -0.44256174 -0.45335436 -0.46414698 -0.47493959 -0.48573221 -0.49652482 -0.50731744 -0.51811005 -0.52890267 -0.53969528 -0.5504879 -0.56128051 -0.57207313 -0.58286574 -0.59365836 -0.60540503 -0.61741468 -0.62942433 -0.64143398 -0.65344363 -0.66545328 -0.67746294 -0.68947259 -0.70148224 -0.71349189 -0.72550154 -0.73751119 -0.74952084 -0.31560907 -9999 -9999 -9999 -9999 -9999 -9999 -9999 -9999 -9999 -9999 -9999 -9999 -9999 -9999 -9999 -9999 -9999 -9999 -9999 -9999 -9999 -9999 -9999 -9999
-0.37760405 -0.39088485 -0.40416564 -0.41744644 -0.43072723 -0.44400803 -0.45728883 -0.47056962 -0.47095167 -0.46606668 -0.46118169 -0.4562967 -0.45141171 -0.44652671 -0.44742399 -0.4582166 -0.46900922 -0.47980183 -0.49059445 -0.50138706 -0.51217968 -0.52297229 -0.53376491 -0.54455752 -0.55535014 -0.56614275 -0.57693537 -0.58772799 -0.5985206 -0.60931322 -0.62067372 -0.63268337 -0.64469302 -0.65670268 -0.66871233 -0.68072198 -0.69273163 -0.70474128 -0.71675093 -0.72876058 -0.74077023 -0.75277988 -0.72550242 -0.17146909 -9999 -9999 -9999 -9999 -9999 -9999 -9999 -9999 -9999 -9999 -9999 -9999 -9999 -9999 -9999 -9999 -9999 -9999 -9999 -9999 -9999 -9999
-0.38707205 -0.38540399 -0.39868479 -0.41196558 -0.42524638 -0.43852718 -0.45180797 -0.46508877 -0.47836956 -0.48645349 -0.48156849 -0.4766835 -0.47179851 -0.46691352 -0.46202853 -0.45714353 -0.46307884 -0.47387146 -0.48466407 -0.49545669 -0.5062493 -0.51704192 -0.52783453 -0.53862715 -0.54941976 -0.56021238 -0.57100499 -0.58179761 -0.59259023 -0.60338284 -0.61417546 -0.62496807 -0.63594242 -0.64795207 -0.65996172 -0.67197137 -0.68398102 -0.69599067 -0.70800032 -0.72000997 -0.73201962 -0.74402927 -0.75603892 -0.76804858 -0.58136244 -0.02732911 -9999 -9999 -9999 -9999 -9999 -9999 -9999 -9999 -9999 -9999 -9999 -9999 -9999 -9999 -9999 -9999 -9999 -9999 -9999 -9999
-0.39880517 -0.39678816 -0.39477115 -0.40648473 -0.41976553 -0.43304632 -0.44632712 -0.45960791 -0.47288871 -0.4861695 -0.4994503 -0.49707031 -0.49218531 -0.48730032 -0.48241533 -0.47753034 -0.47264535 -0.46794108 -0.4787337 -0.48952631 -0.50031893 -0.51111154 -0.52190416 -0.53269677 -0.54348939 -0.554282 -0.56507462 -0.57586724 -0.58665985 -0.59745247 -0.60824508 -0.6190377 -0.62983031 -0.64062293 -0.65141554 -0.66322076 -0.67523041 -0.68724006 -0.69924971 -0.71125936 -0.72326901 -0.73527867 -0.74728832 -0.75929797 -0.77130762 -0.78331727 -0.43722246 -9999 -9999 -9999 -9999 -9999 -9999 -9999 -9999 -9999 -9999 -9999 -9999 -9999 -9999 -9999 -9999 -9999 -9999 -9999
-0.4105383 -0.40852129 -0.40650427 -0.40448726 -0.41428467 -0.42756547 -0.44084626 -0.45412706 -0.46740785 -0.48068865 -0.49396945 -0.50725024 -0.51257212 -0.50768713 -0.50280213 -0.49791714 -0.49303215 -0.48814716 -0.48326217 -0.48359594 -0.49438855 -0.50518117 -0.51597378 -0.5267664 -0.53755901 -0.54835163 -0.55914424 -0.56993686 -0.58072948 -0.59152209 -0.60231471 -0.61310732 -0.62389994 -0.63469255 -0.64548517 -0.65627778 -0.6670704 -0.67848945 -0.6904991 -0.70250875 -0.71451841 -0.72652806 -0.73853771 -0.75054736 -0.76255701 -0.77456666 -0.78657631 -0.79858596 -0.29308248 -9999 -9999 -9999 -9999 -9999 -9999 -9999 -9999 -9999 -9999 -9999 -9999 -9999 -9999 -9999 -9999 -9999
-0.42227142 -0.42025441 -0.4182374 -0.41622039 -0.41420338 -0.42208461 -0.43536541 -0.4486462 -0.461927 -0.4752078 -0.48848859 -0.50176939 -0.51505018 -0.52807393 -0.52318894 -0.51830395 -0.51341895 -0.50853396 -0.50364897 -0.49876398 -0.49387899 -0.49925079 -0.51004341 -0.52083602 -0.53162864 -0.54242125 -0.55321387 -0.56400649 -0.5747991 -0.58559172 -0.59638433 -0.60717695 -0.61796956 -0.62876218 -0.63955479 -0.65034741 -0.66114002 -0.67193264 -0.68272525 -0.69375815 -0.7057678 -0.71777745 -0.7297871 -0.74179675 -0.7538064 -0.76581605 -0.7778257 -0.78983535 -0.801845 -0.70297583 -0.1489425 -9999 -9999 -9999 -9999 -9999 -9999 -9999 -9999 -9999 -9999 -9999 -9999 -9999 -9999 -9999
-0.43400455 -0.43198754 -0.42997053 -0.42795351 -0.4259365 -0.42391949 -0.42988455 -0.44316535 -0.45644615 -0.46972694 -0.48300774 -0.49628853 -0.50956933 -0.52285012 -0.53613092 -0.53869075 -0.53380576 -0.52892077 -0.52403577 -0.51915078 -0.51426579 -0.5093808 -0.50449581 -0.51490565 -0.52569826 -0.53649088 -0.54728349 -0.55807611 -0.56886873 -0.57966134 -0.59045396 -0.60124657 -0.61203919 -0.6228318 -0.63362442 -0.64441703 -0.65520965 -0.66600226 -0.67679488 -0.68758749 -0.69838011 -0.70917273 -0.72103649 -0.73304614 -0.74505579 -0.75706544 -0.76907509 -0.78108474 -0.7930944 -0.80510405 -0.8171137 -0.55883585 -0.0048025195 -9999 -9999 -9999 -9999 -9999 -9999 -9999 -9999 -9999 -9999 -9999 -9999 -9999
-0.44573768 -0.44372066 -0.44170365 -0.43968664 -0.43766963 -0.43565261 -0.4336356 -0.4376845 -0.45096529 -0.46424609 -0.47752688 -0.49080768 -0.50408847 -0.51736927 -0.53065007 -0.54393086 -0.55419256 -0.54930757 -0.54442258 -0.53953759 -0.53465259 -0.5297676 -0.52488261 -0.51999762 -0.51976789 -0.5305605 -0.54135312 -0.55214574 -0.56293835 -0.57373097 -0.58452358 -0.5953162 -0.60610881 -0.61690143 -0.62769404 -0.63848666 -0.64927927 -0.66007189 -0.6708645 -0.68165712 -0.69244974 -0.70324235 -0.71403497 -0.72482758 -0.73630518 -0.74831483 -0.76032448 -0.77233414 -0.78434379 -0.79635344 -0.80836309 -0.82037274 -0.83238239 -0.41469587 -9999 -9999 -9999 -9999 -9999 -9999 -9999 -9999 -9999 -9999 -9999 -9999
-0.4574708 -0.45545379 -0.45343678 -0.45141976 -0.44940275 -0.44738574 -0.44536873 -0.44335171 -0.44548444 -0.45876523 -0.47204603 -0.48532682 -0.49860762 -0.51188842 -0.52516921 -0.53845001 -0.5517308 -0.5650116 -0.56480938 -0.55992439 -0.5550394 -0.55015441 -0.54526941 -0.54038442 -0.53549943 -0.53061444 -0.53542274 -0.54621536 -0.55700798 -0.56780059 -0.57859321 -0.58938582 -0.60017844 -0.61097105 -0.62176367 -0.63255628 -0.6433489 -0.65414151 -0.66493413 -0.67572674 -0.68651936 -0.69731198 -0.70810459 -0.71889721 -0.72968982 -0.74048244 -0.75157388 -0.76358353 -0.77559318 -0.78760283 -0.79961248 -0.81162213 -0.82363178 -0.83564143 -0.82458922 -0.27055589 -9999 -9999 -9999 -9999 -9999 -9999 -9999 -9999 -9999 -9999
-0.46920393 -0.46718691 -0.4651699 -0.46315289 -0.46113588 -0.45911886 -0.45710185 -0.45508484 -0.45306783 -0.45328438 -0.46656517 -0.47984597 -0.49312677 -0.50640756 -0.51968836 -0.53296915 -0.54624995 -0.55953074 -0.57281154 -0.58031119 -0.5754262 -0.57054121 -0.56565622 -0.56077123 -0.55588623 -0.55100124 -0.54611625 -0.54123126 -0.5510776 -0.56187022 -0.57266283 -0.58345545 -0.59424806 -0.60504068 -0.61583329 -0.62662591 -0.63741852 -0.64821114 -0.65900375 -0.66979637 -0.68058899 -0.6913816 -0.70217422 -0.71296683 -0.72375945 -0.73455206 -0.74534468 -0.75613729 -0.76692991 -0.77885222 -0.79086187 -0.80287152 -0.81488117 -0.82689082 -0.83890047 -0.85091013 -0.68044924 -0.12641591 -9999 -9999 -9999 -9999 -9999 -9999 -9999 -9999
-0.48093705 -0.47892004 -0.47690303 -0.47488601 -0.472869 -0.47085199 -0.46883498 -0.46681796 -0.46480095 -0.46278394 -0.46108432 -0.47436512 -0.48764591 -0.50092671 -0.5142075 -0.5274883 -0.54076909 -0.55404989 -0.56733069 -0.58061148 -0.59389228 -0.59092801 -0.58604302 -0.58115803 -0.57627304 -0.57138805 -0.56650305 -0.56161806 -0.55673307 -0.55593984 -0.56673246 -0.57752507 -0.58831769 -0.5991103 -0.60990292 -0.62069553 -0.63148815 -0.64228076 -0.65307338 -0.66386599 -0.67465861 -0.68545123 -0.69624384 -0.70703646 -0.71782907 -0.72862169 -0.7394143 -0.75020692 -0.76099953 -0.77179215 -0.78258476 -0.79412091 -0.80613056 -0.81814021 -0.83014987 -0.84215952 -0.85416917 -0.86617882 -0.53630926 0.017724071 -9999 -9999 -9999 -9999 -9999 -9999
-0.49267018 -0.49065316 -0.48863615 -0.48661914 -0.48460213 -0.48258511 -0.4805681 -0.47855109 -0.47653408 -0.47451706 -0.47250005 -0.47048304 -0.48216506 -0.49544585 -0.50872665 -0.52200744 -0.53528824 -0.54856904 -0.56184983 -0.57513063 -0.58841142 -0.60169222 -0.60642983 -0.60154483 -0.59665984 -0.59177485 -0.58688986 -0.58200487 -0.57711987 -0.57223488 -0.56734989 -0.5715947 -0.58238731 -0.59317993 -0.60397254 -0.61476516 -0.62555777 -0.63635039 -0.647143 -0.65793562 -0.66872824 -0.67952085 -0.69031347 -0.70110608 -0.7118987 -0.72269131 -0.73348393 -0.74427654 -0.75506916 -0.76586177 -0.77665439 -0.787447 -0.79823962 -0.80938961 -0.82139926 -0.83340891 -0.84541856 -0.85742821 -0.86943786 -0.88144751 -0.39216928 -9999 -9999 -9999 -9999 -9999
-0.5044033 -0.50238629 -0.50036928 -0.49835226 -0.49633525 -0.49431824 -0.49230123 -0.49028421 -0.4882672 -0.48625019 -0.48423318 -0.48221617 -0.48019915 -0.489965 -0.50324579 -0.51652659 -0.52980739 -0.54308818 -0.55636898 -0.56964977 -0.58293057 -0.59621136 -0.60949216 -0.62193164 -0.61704665 -0.61216165 -0.60727666 -0.60239167 -0.59750668 -0.59262169 -0.58773669 -0.5828517 -0.57796671 -0.58724955 -0.59804217 -0.60883478 -0.6196274 -0.63042001 -0.64121263 -0.65200524 -0.66279786 -0.67359048 -0.68438309 -0.69517571 -0.70596832 -0.71676094 -0.72755355 -0.73834617 -0.74913878 -0.7599314 -0.77072401 -0.78151663 -0.79230924 -0.80310186 -0.81389448 -0.82468709 -0.83666795 -0.8486776 -0.86068725 -0.8726969 -0.88470655 -0.80206263 -0.2480293 -9999 -9999 -9999
-0.51613643 -0.51411941 -0.5121024 -0.51008539 -0.50806838 -0.50605136 -0.50403435 -0.50201734 -0.50000033 -0.49798332 -0.4959663 -0.49394929 -0.49193228 -0.48991527 -0.49776494 -0.51104574 -0.52432653 -0.53760733 -0.55088812 -0.56416892 -0.57744971 -0.59073051 -0.60401131 -0.6172921 -0.6305729 -0.63254846 -0.62766347 -0.62277847 -0.61789348 -0.61300849 -0.6081235 -0.60323851 -0.59835351 -0.59346852 -0.59211179 -0.60290441 -0.61369702 -0.62448964 -0.63528225 -0.64607487 -0.65686749 -0.6676601 -0.67845272 -0.68924533 -0.70003795 -0.71083056 -0.72162318 -0.73241579 -0.74320841 -0.75400102 -0.76479364 -0.77558625 -0.78637887 -0.79717149 -0.8079641 -0.81875672 -0.82954933 -0.84034195 -0.85193664 -0.86394629 -0.87595594 -0.8879656 -0.89997525 -0.65792265 -0.10388932 -9999
-0.52786955 -0.52585254 -0.52383553 -0.52181851 -0.5198015 -0.51778449 -0.51576748 -0.51375047 -0.51173345 -0.50971644 -0.50769943 -0.50568242 -0.5036654 -0.50164839 -0.49963138 -0.50556488 -0.51884568 -0.53212647 -0.54540727 -0.55868806 -0.57196886 -0.58524966 -0.59853045 -0.61181125 -0.62509204 -0.63837284 -0.64805027 -0.64316528 -0.63828029 -0.63339529 -0.6285103 -0.62362531 -0.61874032 -0.61385533 -0.60897033 -0.60408534 -0.60776665 -0.61855926 -0.62935188 -0.64014449 -0.65093711 -0.66172973 -0.67252234 -0.68331496 -0.69410757 -0.70490019 -0.7156928 -0.72648542 -0.73727803 -0.74807065 -0.75886326 -0.76965588 -0.78044849 -0.79124111 -0.80203373 -0.81282634 -0.82361896 -0.83441157 -0.84520419 -0.8559968 -0.86720534 -0.87921499 -0.89122464 -0.90323429 -0.91524394 -0.51378267
-0.53960268 -0.53758566 -0.53556865 -0.53355164 -0.53153463 -0.52951762 -0.5275006 -0.52548359 -0.52346658 -0.52144957 -0.51943255 -0.51741554 -0.51539853 -0.51338152 -0.5113645 -0.50934749 -0.51336482 -0.52664562 -0.53992641 -0.55320721 -0.56648801 -0.5797688 -0.5930496 -0.60633039 -0.61961119 -0.63289198 -0.64617278 -0.65945358 -0.65866709 -0.6537821 -0.64889711 -0.64401211 -0.63912712 -0.63424213 -0.62935714 -0.62447215 -0.61958715 -0.61470216 -0.6234215 -0.63421412 -0.64500674 -0.65579935 -0.66659197 -0.67738458 -0.6881772 -0.69896981 -0.70976243 -0.72055504 -0.73134766 -0.74214027 -0.75293289 -0.7637255 -0.77451812 -0.78531074 -0.79610335 -0.80689597 -0.81768858 -0.8284812 -0.83927381 -0.85006643 -0.86085904 -0.87165166 -0.88247403 -0.89448368 -0.90649333 -0.91850298
-0.5513358 -0.54931879 -0.54730178 -0.54528476 -0.54326775 -0.54125074 -0.53923373 -0.53721672 -0.5351997 -0.53318269 -0.53116568 -0.52914867 -0.52713165 -0.52511464 -0.52309763 -0.52108062 -0.5190636 -0.52116476 -0.53444556 -0.54772636 -0.56100715 -0.57428795 -0.58756874 -0.60084954 -0.61413033 -0.62741113 -0.64069193 -0.65397272 -0.66725352 -0.6741689 -0.66928391 -0.66439892 -0.65951393 -0.65462894 -0.64974394 -0.64485895 -0.63997396 -0.63508897 -0.63020397 -0.62828374 -0.63907636 -0.64986898 -0.66066159 -0.67145421 -0.68224682 -0.69303944 -0.70383205 -0.71462467 -0.72541728 -0.7362099 -0.74700251 -0.75779513 -0.76858774 -0.77938036 -0.79017298 -0.80096559 -0.81175821 -0.82255082 -0.83334344 -0.84413605 -0.85492867 -0.86572128 -0.8765139 -0.88730651 -0.89809913 -0.90975237
-0.56306893 -0.56105191 -0.5590349 -0.55701789 -0.55500088 -0.55298387 -0.55096685 -0.54894984 -0.54693283 -0.54491582 -0.5428988 -0.54088179 -0.53886478 -0.53684777 -0.53483075 -0.53281374 -0.53079673 -0.52877972 -0.52896471 -0.5422455 -0.5555263 -0.56880709 -0.58208789 -0.59536868 -0.60864948 -0.62193028 -0.63521107 -0.64849187 -0.66177266 -0.67505346 -0.68833425 -0.68478572 -0.67990073 -0.67501574 -0.67013075 -0.66524576 -0.66036076 -0.65547577 -0.65059078 -0.64570579 -0.64082079 -0.6439386 -0.65473122 -0.66552383 -0.67631645 -0.68710906 -0.69790168 -0.70869429 -0.71948691 -0.73027952 -0.74107214 -0.75186475 -0.76265737 -0.77344999 -0.7842426 -0.79503522 -0.80582783 -0.81662045 -0.82741306 -0.83820568 -0.84899829 -0.85979091 -0.87058352 -0.88137614 -0.89216875 -0.90296137
-0.57480205 -0.57278504 -0.57076803 -0.56875102 -0.566734 -0.56471699 -0.56269998 -0.56068297 -0.55866595 -0.55664894 -0.55463193 -0.55261492 -0.5505979 -0.54858089 -0.54656388 -0.54454687 -0.54252985 -0.54051284 -0.53849583 -0.53676465 -0.55004544 -0.56332624 -0.57660703 -0.58988783 -0.60316863 -0.61644942 -0.62973022 -0.64301101 -0.65629181 -0.6695726 -0.6828534 -0.6961342 -0.70028754 -0.69540254 -0.69051755 -0.68563256 -0.68074757 -0.67586258 -0.67097758 -0.66609259 -0.6612076 -0.65632261 -0.65143762 -0.65959346 -0.67038607 -0.68117869 -0.6919713 -0.70276392 -0.71355653 -0.72434915 -0.73514176 -0.74593438 -0.75672699 -0.76751961 -0.77831223 -0.78910484 -0.79989746 -0.81069007 -0.82148269 -0.8322753 -0.84306792 -0.85386053 -0.86465315 -0.87544576 -0.88623838 -0.89703099
-0.58653518 -0.58451817 -0.58250115 -0.58048414 -0.57846713 -0.57645012 -0.5744331 -0.57241609 -0.57039908 -0.56838207 -0.56636505 -0.56434804 -0.56233103 -0.56031402 -0.558297 -0.55627999 -0.55426298 -0.55224597 -0.55022896 -0.54821194 -0.54619493 -0.55784538 -0.57112618 -0.58440698 -0.59768777 -0.61096857 -0.62424936 -0.63753016 -0.65081095 -0.66409175 -0.67737255 -0.69065334 -0.70393414 -0.71578935 -0.71090436 -0.70601936 -0.70113437 -0.69624938 -0.69136439 -0.6864794 -0.6815944 -0.67670941 -0.67182442 -0.66693943 -0.6644557 -0.67524831 -0.68604093 -0.69683354 -0.70762616 -0.71841877 -0.72921139 -0.740004 -0.75079662 -0.76158924 -0.77238185 -0.78317447 -0.79396708 -0.8047597 -0.81555231 -0.82634493 -0.83713754 -0.84793016 -0.85872277 -0.86951539 -0.880308 -0.89110062
