Ground Level.asc
NCOLS 300
NROWS 300
XLLCORNER 415890
YLLCORNER 92774.4
DX 0.6
DY 0.33333
NODATA_VALUE -9999
[rows 186 to 216 of 300, columns 138 to 206 of 300]
-9999 -9999 -9999 -9999 -9999 -9999 -9999 -9999 -9999 -9999 -9999 -9999 -9999 -9999 -9999 -9999 -9999 -9999 -9999 -9999 -9999 -9999 -9999 -9999 -9999 -9999 -9999 -9999 -9999 -9999 -0.46419146 -0.33419689 -0.20895525 -0.083713619 0.041528017 0.16676965 0.38416462 0.36103172 0.31124971 0.63746011 0.40164615 0.30588917 0.29924247 0.3147745 0.34736031 0.39884773 0.4836 0.46220593 0.44476835 0.42671669 0.40866502 0.39061336 0.3725617 0.35451004 0.34551968 0.33268395 0.31560747 0.298531 0.28145452 0.26437805 0.24730157 0.23022509 0.215 0.20386693 0.20089663 0.20274988 0.21305291 0.17426503 0.14701468
-9999 -9999 -9999 -9999 -9999 -9999 -9999 -9999 -9999 -9999 -9999 -9999 -9999 -9999 -9999 -9999 -9999 -9999 -9999 -9999 -9999 -9999 -9999 -9999 -9999 -9999 -9999 -9999 -9999 -9999 -0.55244816 -0.33759215 -0.21235051 -0.087108876 0.038132759 0.16309829 0.39816273 0.38005969 0.33027767 0.6639625 0.43342878 0.33213641 0.32548971 0.31912228 0.35277694 0.43835387 0.49682489 0.46292208 0.44608855 0.42803689 0.40998522 0.39193356 0.3738819 0.35583024 0.34440112 0.33570102 0.31862455 0.30154807 0.28447159 0.26739512 0.25031864 0.23324216 0.21616569 0.20089666 0.1920967 0.1923539 0.20093182 0.16273864 0.14167803
-9999 -9999 -9999 -9999 -9999 -9999 -9999 -9999 -9999 -9999 -9999 -9999 -9999 -9999 -9999 -9999 -9999 -9999 -9999 -9999 -9999 -9999 -9999 -9999 -9999 -9999 -9999 -9999 -9999 -9999 -0.64070485 -0.3409874 -0.21574577 -0.090504134 0.034737502 0.15720723 0.41216084 0.39908766 0.34930564 0.47136675 0.46521141 0.35838366 0.35173695 0.33513244 0.39310774 0.47868466 0.50063133 0.4652384 0.44710355 0.42935709 0.41130542 0.39325376 0.3752021 0.35715044 0.34328256 0.33590612 0.32164162 0.30456514 0.28748867 0.27041219 0.25333571 0.23625924 0.21918276 0.20160991 0.18077606 0.18369597 0.18886243 0.15667809 0.13561748
-9999 -9999 -9999 -9999 -9999 -9999 -9999 -9999 -9999 -9999 -9999 -9999 -9999 -9999 -9999 -9999 -9999 -9999 -9999 -9999 -9999 -9999 -9999 -9999 -9999 -9999 -9999 -9999 -9999 -9999 -9999 -0.34061196 -0.21914103 -0.093899391 0.031342245 0.15131616 0.42615895 0.41811562 0.34512254 0.53625681 0.49699404 0.3846309 0.37152993 0.37591068 0.43343853 0.51901545 0.50443778 0.46904485 0.44649353 0.43067729 0.41262562 0.39457396 0.3765223 0.35847064 0.34216401 0.33478756 0.32465869 0.30758221 0.29050574 0.27342926 0.25635279 0.23927631 0.22219983 0.20391597 0.16958351 0.17465965 0.17726835 0.15061755 0.12955694
-9999 -9999 -9999 -9999 -9999 -9999 -9999 -9999 -9999 -9999 -9999 -9999 -9999 -9999 -9999 -9999 -9999 -9999 -9999 -9999 -9999 -9999 -9999 -9999 -9999 -9999 -9999 -9999 -9999 -9999 -9999 -0.33980876 -0.22253628 -0.097294648 0.027946988 0.14542509 0.44015706 0.43714359 0.39655671 0.60114687 0.5199619 0.40934226 0.41960909 0.40350299 0.47376932 0.54363715 0.50824422 0.4728513 0.44700901 0.43199749 0.41394582 0.39589416 0.3778425 0.35979084 0.34173918 0.333669 0.32629255 0.31059929 0.29352281 0.27644633 0.25936986 0.24229338 0.22521691 0.20622202 0.16045687 0.16306557 0.16567426 0.14572336 0.12638394
-9999 -9999 -9999 -9999 -9999 -9999 -9999 -9999 -9999 -9999 -9999 -9999 -9999 -9999 -9999 -9999 -9999 -9999 -9999 -9999 -9999 -9999 -9999 -9999 -9999 -9999 -9999 -9999 -9999 -9999 -9999 -0.36056584 -0.22593154 -0.10068991 0.02455173 0.13953403 0.45415517 0.45617155 0.46144677 0.62545423 0.53823169 0.45557875 0.46811606 0.43109531 0.51410012 0.54744359 0.51205067 0.47665774 0.44798726 0.43139115 0.41526602 0.39721436 0.3791627 0.36111104 0.34305938 0.33255044 0.32517399 0.31361636 0.29653988 0.27946341 0.26238693 0.24531045 0.22823398 0.20852808 0.16038774 0.15667532 0.15769227 0.1585202 0.14273598
-9999 -9999 -9999 -9999 -9999 -9999 -9999 -9999 -9999 -9999 -9999 -9999 -9999 -9999 -9999 -9999 -9999 -9999 -9999 -9999 -9999 -9999 -9999 -9999 -9999 -9999 -9999 -9999 -9999 -9999 -9999 -0.44882253 -0.2293268 -0.10408516 0.021156473 0.13364296 0.46815328 0.47126178 0.52633683 0.62867704 0.55602431 0.50408573 0.51068763 0.46885399 0.55443091 0.55125004 0.51585711 0.48046419 0.44896551 0.43078113 0.41658622 0.39853456 0.3804829 0.36243124 0.34437958 0.33143189 0.32405544 0.31663343 0.29955695 0.28248048 0.265404 0.24832753 0.23125105 0.21083414 0.16499649 0.15215559 0.15662009 0.16 0.15880989
-9999 -9999 -9999 -9999 -9999 -9999 -9999 -9999 -9999 -9999 -9999 -9999 -9999 -9999 -9999 -9999 -9999 -9999 -9999 -9999 -9999 -9999 -9999 -9999 -9999 -9999 -9999 -9999 -9999 -9999 -9999 -0.53707922 -0.22853168 -0.10748042 0.017761216 0.12775189 0.48215139 0.45013988 0.545712 0.63189984 0.57381692 0.5525927 0.53827994 0.50918478 0.59044941 0.55505649 0.51966356 0.48427063 0.44994376 0.43109593 0.41628876 0.39985476 0.3818031 0.36375144 0.34569978 0.33031333 0.32293688 0.31556043 0.30257403 0.28549755 0.26842107 0.2513446 0.23426812 0.21314019 0.16960523 0.149315 0.15590067 0.16 0.15929186
-9999 -9999 -9999 -9999 -9999 -9999 -9999 -9999 -9999 -9999 -9999 -9999 -9999 -9999 -9999 -9999 -9999 -9999 -9999 -9999 -9999 -9999 -9999 -9999 -9999 -9999 -9999 -9999 -9999 -9999 -9999 -0.62533592 -0.22772847 -0.11087568 0.012062166 0.12186082 0.4961495 0.45152679 0.5489348 0.63512264 0.59160954 0.60109968 0.56587226 0.54951557 0.59425586 0.55886293 0.52347 0.48807708 0.45268415 0.43207418 0.41567875 0.40117496 0.3831233 0.36507164 0.34701998 0.32919477 0.32181832 0.31444187 0.3055911 0.28851462 0.27143815 0.25436167 0.23728519 0.21544625 0.17421397 0.14770312 0.1516339 0.1584368 0.15611729
-9999 -9999 -9999 -9999 -9999 -9999 -9999 -9999 -9999 -9999 -9999 -9999 -9999 -9999 -9999 -9999 -9999 -9999 -9999 -9999 -9999 -9999 -9999 -9999 -9999 -9999 -9999 -9999 -9999 -9999 -9999 -9999 -0.22692527 -0.11427093 0.0061710988 0.13439958 0.50780858 0.56163063 0.5521576 0.63834545 0.63974708 0.639387 0.59346458 0.58984637 0.5980623 0.56266938 0.52727645 0.49188352 0.45649059 0.43305244 0.41506873 0.40118638 0.3844435 0.36639184 0.34834018 0.33028852 0.32069977 0.31332332 0.30594687 0.29153169 0.27445522 0.25737874 0.24030227 0.21775231 0.17882272 0.15198169 0.14510363 0.14249493 0.14368493
-9999 -9999 -9999 -9999 -9999 -9999 -9999 -9999 -9999 -9999 -9999 -9999 -9999 -9999 -9999 -9999 -9999 -9999 -9999 -9999 -9999 -9999 -9999 -9999 -9999 -9999 -9999 -9999 -9999 -9999 -9999 -9999 -0.25694021 -0.11725459 0.00028003173 0.14839769 0.29999457 0.42620146 0.55240836 0.67122166 0.68456456 0.6362918 0.62105689 0.63017716 0.60186875 0.56647582 0.53108289 0.49568997 0.46029704 0.43403069 0.41518286 0.40057636 0.3857637 0.36771204 0.34966038 0.33160872 0.31958121 0.31220476 0.30482831 0.29454877 0.27747229 0.26039581 0.24331934 0.22005836 0.18343146 0.15626025 0.13467747 0.12655307 0.12708969
-9999 -9999 -9999 -9999 -9999 -9999 -9999 -9999 -9999 -9999 -9999 -9999 -9999 -9999 -9999 -9999 -9999 -9999 -9999 -9999 -9999 -9999 -9999 -9999 -9999 -9999 -9999 -9999 -9999 -9999 -9999 -9999 -0.34519691 -0.11645139 -0.0078670994 0.095095864 0.19219932 0.31538156 0.44158846 0.56779535 0.67860256 0.63319659 0.64864921 0.64106812 0.60567519 0.57028227 0.53488934 0.49949641 0.46410348 0.43500894 0.41616111 0.39996635 0.38608399 0.36903224 0.35098058 0.33292892 0.31846265 0.3110862 0.30370975 0.29633331 0.28048936 0.26341289 0.24633641 0.22236442 0.1879418 0.16053881 0.1328659 0.12469229 0.12147177
-9999 -9999 -9999 -9999 -9999 -9999 -9999 -9999 -9999 -9999 -9999 -9999 -9999 -9999 -9999 -9999 -9999 -9999 -9999 -9999 -9999 -9999 -9999 -9999 -9999 -9999 -9999 -9999 -9999 -9999 -9999 -9999 -0.4334536 -0.12169328 -0.025150877 0.077812086 0.17700673 0.27369607 0.37272812 0.49893502 0.62514191 0.63010138 0.66095852 0.64487457 0.60948164 0.57408871 0.53869578 0.50330286 0.46790993 0.43598719 0.41713936 0.39935633 0.38547398 0.37035244 0.35230078 0.33424912 0.3173441 0.30996765 0.3025912 0.29521475 0.28350643 0.26642996 0.24935348 0.22467048 0.19222036 0.16445752 0.13557692 0.13259599 0.1238042
-9999 -9999 -9999 -9999 -9999 -9999 -9999 -9999 -9999 -9999 -9999 -9999 -9999 -9999 -9999 -9999 -9999 -9999 -9999 -9999 -9999 -9999 -9999 -9999 -9999 -9999 -9999 -9999 -9999 -9999 -9999 -9999 -0.53989863 -0.14212705 -0.040728787 0.060528308 0.16181413 0.25850348 0.35519282 0.45188216 0.55628158 0.62700617 0.66141337 0.64868101 0.61328808 0.57789516 0.54250223 0.5071093 0.47171637 0.43696544 0.41811761 0.39926979 0.38486396 0.37098161 0.35362098 0.33556932 0.31751766 0.30884909 0.30147264 0.29409619 0.28652351 0.26944703 0.25237055 0.22697653 0.19649893 0.1683132 0.14181366 0.1404997 0.12895879
-9999 -9999 -9999 -9999 -9999 -9999 -9999 -9999 -9999 -9999 -9999 -9999 -9999 -9999 -9999 -9999 -9999 -9999 -9999 -9999 -9999 -9999 -9999 -9999 -9999 -9999 -9999 -9999 -9999 -9999 -9999 -9999 -9999 -0.33256154 -0.05372656 0.04324453 0.14620749 0.24331088 0.34000023 0.43668957 0.53337891 0.62960377 0.66903234 0.65291791 0.61709453 0.5817016 0.54630867 0.51091575 0.47552282 0.44012989 0.41909586 0.40024804 0.38425395 0.37037159 0.35494118 0.33688952 0.31883786 0.30773053 0.30035408 0.29297763 0.28560119 0.2724641 0.25538763 0.22928259 0.20077749 0.17216889 0.15123765 0.1484034 0.13150565
-9999 -9999 -9999 -9999 -9999 -9999 -9999 -9999 -9999 -9999 -9999 -9999 -9999 -9999 -9999 -9999 -9999 -9999 -9999 -9999 -9999 -9999 -9999 -9999 -9999 -9999 -9999 -9999 -9999 -9999 -9999 -9999 -9999 -0.52299603 -0.12522444 0.02723793 0.12892372 0.22811829 0.32480763 0.42149698 0.51818632 0.61602969 0.67665131 0.65786632 0.62090097 0.58550805 0.55011512 0.51472219 0.47932927 0.44393634 0.42007412 0.40122629 0.38364393 0.36976158 0.35587922 0.33820972 0.32015806 0.30661198 0.29923553 0.29185908 0.28448263 0.27548117 0.2584047 0.23174848 0.20490517 0.17790347 0.16066164 0.15519618 0.13553653
-9999 -9999 -9999 -9999 -9999 -9999 -9999 -9999 -9999 -9999 -9999 -9999 -9999 -9999 -9999 -9999 -9999 -9999 -9999 -9999 -9999 -9999 -9999 -9999 -9999 -9999 -9999 -9999 -9999 -9999 -9999 -9999 -9999 -0.65845485 -0.31565894 0.014240157 0.11163994 0.2129257 0.30961504 0.40630439 0.50299373 0.601293 0.68427029 0.66281472 0.62533019 0.58931449 0.55392157 0.51852864 0.48313571 0.44774278 0.42105237 0.40220454 0.38335671 0.36915156 0.35526921 0.33952992 0.32147826 0.30549342 0.29811697 0.29074052 0.28336407 0.27598762 0.26142177 0.23635723 0.20876085 0.18445103 0.17008563 0.16170774 0.14498088
-9999 -9999 -9999 -9999 -9999 -9999 -9999 -9999 -9999 -9999 -9999 -9999 -9999 -9999 -9999 -9999 -9999 -9999 -9999 -9999 -9999 -9999 -9999 -9999 -9999 -9999 -9999 -9999 -9999 -9999 -9999 -9999 -9999 -9999 -0.47248968 -0.10832184 0.095204647 0.19731912 0.29442245 0.39111179 0.48780114 0.5865563 0.68634578 0.66776313 0.63027859 0.59312094 0.55772801 0.52233508 0.48694216 0.45154923 0.42203062 0.40318279 0.38433497 0.36854155 0.35465919 0.34077684 0.32279846 0.3047468 0.29699841 0.28962196 0.28224551 0.27486907 0.26443884 0.24096597 0.21411083 0.19099858 0.17950962 0.16821931 0.15442523
-9999 -9999 -9999 -9999 -9999 -9999 -9999 -9999 -9999 -9999 -9999 -9999 -9999 -9999 -9999 -9999 -9999 -9999 -9999 -9999 -9999 -9999 -9999 -9999 -9999 -9999 -9999 -9999 -9999 -9999 -9999 -9999 -9999 -9999 -0.60050225 -0.28987645 0.082206874 0.18003535 0.27922986 0.3759192 0.47260854 0.57181961 0.66182733 0.67271153 0.63522699 0.59774246 0.56153446 0.52614153 0.4907486 0.45535567 0.42300887 0.40416104 0.38531322 0.36793153 0.35404918 0.34016682 0.32411866 0.306067 0.29587986 0.28850341 0.28112696 0.27375051 0.26637406 0.24529473 0.22065838 0.19754613 0.18617273 0.17473087 0.16328901
-9999 -9999 -9999 -9999 -9999 -9999 -9999 -9999 -9999 -9999 -9999 -9999 -9999 -9999 -9999 -9999 -9999 -9999 -9999 -9999 -9999 -9999 -9999 -9999 -9999 -9999 -9999 -9999 -9999 -9999 -9999 -9999 -9999 -9999 -9999 -0.41341356 -0.09141924 0.16317136 0.26403727 0.36072661 0.45741595 0.55708292 0.6232166 0.66739307 0.6401754 0.60269086 0.5653409 0.52994797 0.49455505 0.45916212 0.42398712 0.40513929 0.38629147 0.36744364 0.35343916 0.33955681 0.32543886 0.3073872 0.2947613 0.28738485 0.2800084 0.27263195 0.2652555 0.25031818 0.22720593 0.20409369 0.19268429 0.18124243 0.16980057
-9999 -9999 -9999 -9999 -9999 -9999 -9999 -9999 -9999 -9999 -9999 -9999 -9999 -9999 -9999 -9999 -9999 -9999 -9999 -9999 -9999 -9999 -9999 -9999 -9999 -9999 -9999 -9999 -9999 -9999 -9999 -9999 -9999 -9999 -9999 -0.54302469 -0.23080032 0.11591785 0.24843075 0.34553402 0.44255675 0.5404294 0.58460588 0.62878235 0.64420319 0.60763927 0.57015473 0.53375442 0.49836149 0.46296856 0.42757564 0.40611755 0.38726972 0.36842189 0.35282915 0.33894679 0.32506444 0.3087074 0.29364274 0.28626629 0.27888984 0.27151339 0.26413694 0.25210131 0.2309902 0.21101562 0.19926304 0.187754 0.17631213
-9999 -9999 -9999 -9999 -9999 -9999 -9999 -9999 -9999 -9999 -9999 -9999 -9999 -9999 -9999 -9999 -9999 -9999 -9999 -9999 -9999 -9999 -9999 -9999 -9999 -9999 -9999 -9999 -9999 -9999 -9999 -9999 -9999 -9999 -9999 -9999 -0.35433743 -0.048187092 0.23114697 0.33034143 0.42782005 0.50181868 0.54599515 0.59017162 0.63434809 0.61235131 0.57510313 0.5376186 0.50216794 0.46677501 0.43138208 0.4070958 0.38824797 0.36940014 0.35221913 0.33833678 0.32445442 0.3100276 0.29252418 0.28514773 0.27777129 0.27039484 0.26526813 0.25086676 0.23205256 0.22138589 0.20994339 0.19816044 0.18637749
-9999 -9999 -9999 -9999 -9999 -9999 -9999 -9999 -9999 -9999 -9999 -9999 -9999 -9999 -9999 -9999 -9999 -9999 -9999 -9999 -9999 -9999 -9999 -9999 -9999 -9999 -9999 -9999 -9999 -9999 -9999 -9999 -9999 -9999 -9999 -9999 -0.48554713 -0.1717242 0.13442614 0.31514883 0.41308336 0.46320795 0.50738443 0.5515609 0.59573737 0.61504489 0.58005154 0.542567 0.50597438 0.47058145 0.43518853 0.40807405 0.38922622 0.3703784 0.35160912 0.33772676 0.32384441 0.30996206 0.29329614 0.28402918 0.27665273 0.26927628 0.26822169 0.25308949 0.24242282 0.23175616 0.22062373 0.20884078 0.19780164
-9999 -9999 -9999 -9999 -9999 -9999 -9999 -9999 -9999 -9999 -9999 -9999 -9999 -9999 -9999 -9999 -9999 -9999 -9999 -9999 -9999 -9999 -9999 -9999 -9999 -9999 -9999 -9999 -9999 -9999 -9999 -9999 -9999 -9999 -9999 -9999 -9999 -0.29526131 0.010889031 0.29954238 0.38042076 0.42459723 0.4687737 0.51295017 0.55712664 0.60130311 0.58319301 0.54751541 0.51003087 0.4743879 0.43899497 0.4090523 0.39020447 0.37135665 0.35250882 0.33711675 0.32323439 0.30935204 0.29461634 0.28291062 0.27553417 0.27155499 0.27086501 0.26345976 0.25279309 0.24212642 0.23130407 0.21952112 0.21173448
-9999 -9999 -9999 -9999 -9999 -9999 -9999 -9999 -9999 -9999 -9999 -9999 -9999 -9999 -9999 -9999 -9999 -9999 -9999 -9999 -9999 -9999 -9999 -9999 -9999 -9999 -9999 -9999 -9999 -9999 -9999 -9999 -9999 -9999 -9999 -9999 -9999 -0.42806957 -0.11264808 0.19350226 0.34181003 0.3859865 0.43016298 0.47433945 0.51851592 0.56269239 0.58588659 0.55134113 0.51497927 0.47819435 0.44280142 0.41003055 0.39118272 0.3723349 0.35348707 0.33650673 0.32262438 0.30874202 0.29485967 0.28179206 0.2748883 0.27419832 0.2730389 0.26851072 0.26184406 0.25249669 0.24183002 0.23020146 0.22519281
-9999 -9999 -9999 -9999 -9999 -9999 -9999 -9999 -9999 -9999 -9999 -9999 -9999 -9999 -9999 -9999 -9999 -9999 -9999 -9999 -9999 -9999 -9999 -9999 -9999 -9999 -9999 -9999 -9999 -9999 -9999 -9999 -9999 -9999 -9999 -9999 -9999 -9999 -0.23618519 0.069965154 0.33728239 0.34737578 0.39155225 0.43572872 0.47990519 0.52408166 0.56825813 0.55403471 0.51948925 0.48244314 0.44660786 0.41121494 0.39216097 0.37331315 0.35446532 0.33589672 0.32201436 0.30813201 0.29424966 0.28067351 0.27753163 0.27637221 0.27521279 0.27221439 0.26554772 0.25888106 0.25220029 0.24226202 0.22921854
-9999 -9999 -9999 -9999 -9999 -9999 -9999 -9999 -9999 -9999 -9999 -9999 -9999 -9999 -9999 -9999 -9999 -9999 -9999 -9999 -9999 -9999 -9999 -9999 -9999 -9999 -9999 -9999 -9999 -9999 -9999 -9999 -9999 -9999 -9999 -9999 -9999 -9999 -0.37059201 -0.053571955 0.25257839 0.35108019 0.35294153 0.397118 0.44129447 0.48547094 0.52964741 0.55672828 0.52218283 0.48739155 0.45041431 0.41502138 0.39313923 0.3742914 0.35544357 0.33659575 0.32140435 0.30752199 0.29363964 0.28096105 0.27970553 0.27854611 0.27738668 0.27591806 0.26925139 0.26258472 0.25523949 0.24508462 0.23204114
-9999 -9999 -9999 -9999 -9999 -9999 -9999 -9999 -9999 -9999 -9999 -9999 -9999 -9999 -9999 -9999 -9999 -9999 -9999 -9999 -9999 -9999 -9999 -9999 -9999 -9999 -9999 -9999 -9999 -9999 -9999 -9999 -9999 -9999 -9999 -9999 -9999 -9999 -9999 -0.17710906 0.12904128 0.36629743 0.364878 0.36345856 0.40268374 0.44686021 0.49103668 0.53521315 0.5248764 0.49033095 0.45485541 0.41882783 0.39411748 0.37526965 0.35642182 0.337574 0.32079433 0.30691198 0.29421522 0.28337649 0.28 0.28 0.27956058 0.27840116 0.27295506 0.2653361 0.25620567 0.24716538 0.23434291
-9999 -9999 -9999 -9999 -9999 -9999 -9999 -9999 -9999 -9999 -9999 -9999 -9999 -9999 -9999 -9999 -9999 -9999 -9999 -9999 -9999 -9999 -9999 -9999 -9999 -9999 -9999 -9999 -9999 -9999 -9999 -9999 -9999 -9999 -9999 -9999 -9999 -9999 -9999 -0.31311444 0.005504168 0.31165451 0.38009524 0.3786758 0.37725636 0.40824949 0.45242596 0.49660243 0.52756998 0.49302453 0.45847907 0.42263427 0.39509573 0.3762479 0.35740008 0.33855225 0.32018432 0.30772567 0.29598654 0.28579192 0.28 0.28 0.28 0.28 0.27543271 0.26630228 0.25717184 0.2481506 0.23664468
-9999 -9999 -9999 -9999 -9999 -9999 -9999 -9999 -9999 -9999 -9999 -9999 -9999 -9999 -9999 -9999 -9999 -9999 -9999 -9999 -9999 -9999 -9999 -9999 -9999 -9999 -9999 -9999 -9999 -9999 -9999 -9999 -9999 -9999 -9999 -9999 -9999 -9999 -9999 -9999 -0.11803294 0.1881174 0.39531248 0.39389304 0.3924736 0.39105416 0.41381523 0.4579917 0.50216817 0.4957181 0.46117265 0.42662719 0.39607398 0.37722615 0.35837833 0.33970051 0.32175559 0.30949699 0.29775786 0.28820736 0.28038127 0.28 0.28 0.27934619 0.27639888 0.26726845 0.25815059 0.24913581 0.23894645
-9999 -9999 -9999 -9999 -9999 -9999 -9999 -9999 -9999 -9999 -9999 -9999 -9999 -9999 -9999 -9999 -9999 -9999 -9999 -9999 -9999 -9999 -9999 -9999 -9999 -9999 -9999 -9999 -9999 -9999 -9999 -9999 -9999 -9999 -9999 -9999 -9999 -9999 -9999 -9999 -0.25563688 0.064580291 0.37073063 0.40911028 0.40769084 0.4062714 0.40485196 0.41938098 0.46355745 0.49841168 0.46386622 0.42932077 0.3973079 0.37851531 0.35984864 0.34147747 0.32427128 0.31126831 0.29952918 0.29062279 0.2827967 0.28 0.27942831 0.27795048 0.27647264 0.26823462 0.2591358 0.25012102 0.24110624
