Ground Level.asc
NCOLS 300
NROWS 300
XLLCORNER 415967
YLLCORNER 92781.9
DX 0.3
DY 0.16667
NODATA_VALUE -9999
[rows 29 to 57 of 300, columns 132 to 197 of 300]
-0.5982683 -0.59625129 -0.59423428 -0.59221727 -0.59020025 -0.58818324 -0.58616623 -0.58414922 -0.5821322 -0.58011519 -0.57809818 -0.57608117 -0.57406415 -0.57204714 -0.57003013 -0.56801312 -0.56599611 -0.56397909 -0.56196208 -0.55994507 -0.55792806 -0.55591104 -0.56564533 -0.57892612 -0.59220692 -0.60548771 -0.61876851 -0.6320493 -0.6453301 -0.6586109 -0.67189169 -0.68517249 -0.69845328 -0.71173408 -0.72501487 -0.72640617 -0.72152118 -0.71663618 -0.71175119 -0.7068662 -0.70198121 -0.69709622 -0.69221122 -0.68732623 -0.68244124 -0.67755625 -0.68011055 -0.69090317 -0.70169578 -0.7124884 -0.72328101 -0.73407363 -0.74486624 -0.75565886 -0.76645148 -0.77724409 -0.78803671 -0.79882932 -0.80962194 -0.82041455 -0.83120717 -0.84199978 -0.8527924 -0.86358501 -0.87437763 -0.88517024
-0.61000143 -0.60798442 -0.6059674 -0.60395039 -0.60193338 -0.59991637 -0.59789935 -0.59588234 -0.59386533 -0.59184832 -0.5898313 -0.58781429 -0.58579728 -0.58378027 -0.58176326 -0.57974624 -0.57772923 -0.57571222 -0.57369521 -0.57167819 -0.56966118 -0.56764417 -0.56562716 -0.57344527 -0.58672606 -0.60000686 -0.61328765 -0.62656845 -0.63984925 -0.65313004 -0.66641084 -0.67969163 -0.69297243 -0.70625322 -0.71953402 -0.73281482 -0.74190798 -0.73702299 -0.732138 -0.727253 -0.72236801 -0.71748302 -0.71259803 -0.70771304 -0.70282804 -0.69794305 -0.69305806 -0.68817307 -0.69576541 -0.70655802 -0.71735064 -0.72814325 -0.73893587 -0.74972849 -0.7605211 -0.77131372 -0.78210633 -0.79289895 -0.80369156 -0.81448418 -0.82527679 -0.83606941 -0.84686202 -0.85765464 -0.86844725 -0.87923987
-0.62173455 -0.61971754 -0.61770053 -0.61568352 -0.6136665 -0.61164949 -0.60963248 -0.60761547 -0.60559845 -0.60358144 -0.60156443 -0.59954742 -0.59753041 -0.59551339 -0.59349638 -0.59147937 -0.58946236 -0.58744534 -0.58542833 -0.58341132 -0.58139431 -0.57937729 -0.57736028 -0.57534327 -0.58124521 -0.594526 -0.6078068 -0.6210876 -0.63436839 -0.64764919 -0.66092998 -0.67421078 -0.68749157 -0.70077237 -0.71405317 -0.72733396 -0.74061476 -0.75389555 -0.7525248 -0.74763981 -0.74275482 -0.73786982 -0.73298483 -0.72809984 -0.72321485 -0.71832986 -0.71344486 -0.70855987 -0.70367488 -0.70062765 -0.71142026 -0.72221288 -0.73300549 -0.74379811 -0.75459073 -0.76538334 -0.77617596 -0.78696857 -0.79776119 -0.8085538 -0.81934642 -0.83013903 -0.84093165 -0.85172426 -0.86251688 -0.87330949
-0.63346768 -0.63145067 -0.62943365 -0.62741664 -0.62539963 -0.62338262 -0.6213656 -0.61934859 -0.61733158 -0.61531457 -0.61329755 -0.61128054 -0.60926353 -0.60724652 -0.60522951 -0.60321249 -0.60119548 -0.59917847 -0.59716146 -0.59514444 -0.59312743 -0.59111042 -0.58909341 -0.58707639 -0.58505938 -0.58904515 -0.60232595 -0.61560674 -0.62888754 -0.64216833 -0.65544913 -0.66872992 -0.68201072 -0.69529152 -0.70857231 -0.72185311 -0.7351339 -0.7484147 -0.76169549 -0.76802661 -0.76314162 -0.75825663 -0.75337164 -0.74848664 -0.74360165 -0.73871666 -0.73383167 -0.72894668 -0.72406168 -0.71917669 -0.7142917 -0.7162825 -0.72707512 -0.73786773 -0.74866035 -0.75945297 -0.77024558 -0.7810382 -0.79183081 -0.80262343 -0.81341604 -0.82420866 -0.83500127 -0.84579389 -0.8565865 -0.86737912
-0.6452008 -0.64318379 -0.64116678 -0.63914977 -0.63713275 -0.63511574 -0.63309873 -0.63108172 -0.6290647 -0.62704769 -0.62503068 -0.62301367 -0.62099666 -0.61897964 -0.61696263 -0.61494562 -0.61292861 -0.61091159 -0.60889458 -0.60687757 -0.60486056 -0.60284354 -0.60082653 -0.59880952 -0.59679251 -0.59477549 -0.59684509 -0.61012589 -0.62340668 -0.63668748 -0.64996827 -0.66324907 -0.67652987 -0.68981066 -0.70309146 -0.71637225 -0.72965305 -0.74293384 -0.75621464 -0.76949544 -0.78277623 -0.77864343 -0.77375844 -0.76887345 -0.76398846 -0.75910346 -0.75421847 -0.74933348 -0.74444849 -0.7395635 -0.7346785 -0.72979351 -0.72490852 -0.73193736 -0.74272998 -0.75352259 -0.76431521 -0.77510782 -0.78590044 -0.79669305 -0.80748567 -0.81827828 -0.8290709 -0.83986351 -0.85065613 -0.86144874
-0.65693393 -0.65491692 -0.6528999 -0.65088289 -0.64886588 -0.64684887 -0.64483185 -0.64281484 -0.64079783 -0.63878082 -0.63676381 -0.63474679 -0.63272978 -0.63071277 -0.62869576 -0.62667874 -0.62466173 -0.62264472 -0.62062771 -0.61861069 -0.61659368 -0.61457667 -0.61255966 -0.61054264 -0.60852563 -0.60650862 -0.60449161 -0.60464503 -0.61792583 -0.63120662 -0.64448742 -0.65776822 -0.67104901 -0.68432981 -0.6976106 -0.7108914 -0.72417219 -0.73745299 -0.75073379 -0.76401458 -0.77729538 -0.79057617 -0.79414524 -0.78926025 -0.78437526 -0.77949027 -0.77460528 -0.76972028 -0.76483529 -0.7599503 -0.75506531 -0.75018032 -0.74529532 -0.74041033 -0.7367996 -0.74759222 -0.75838483 -0.76917745 -0.77997006 -0.79076268 -0.80155529 -0.81234791 -0.82314052 -0.83393314 -0.84472575 -0.85551837
-0.66866705 -0.66665004 -0.66463303 -0.66261602 -0.660599 -0.65858199 -0.65656498 -0.65454797 -0.65253096 -0.65051394 -0.64849693 -0.64647992 -0.64446291 -0.64244589 -0.64042888 -0.63841187 -0.63639486 -0.63437784 -0.63236083 -0.63034382 -0.62832681 -0.62630979 -0.62429278 -0.62227577 -0.62025876 -0.61824175 -0.61622473 -0.61420772 -0.61244497 -0.62572577 -0.63900657 -0.65228736 -0.66556816 -0.67884895 -0.69212975 -0.70541054 -0.71869134 -0.73197214 -0.74525293 -0.75853373 -0.77181452 -0.78509532 -0.79837611 -0.80964706 -0.80476206 -0.79987707 -0.79499208 -0.79010709 -0.7852221 -0.7803371 -0.77545211 -0.77056712 -0.76568213 -0.76079714 -0.75591214 -0.75102715 -0.75245446 -0.76324707 -0.77403969 -0.7848323 -0.79562492 -0.80641753 -0.81721015 -0.82800276 -0.83879538 -0.84958799
-0.68040018 -0.67838317 -0.67636615 -0.67434914 -0.67233213 -0.67031512 -0.66829811 -0.66628109 -0.66426408 -0.66224707 -0.66023006 -0.65821304 -0.65619603 -0.65417902 -0.65216201 -0.65014499 -0.64812798 -0.64611097 -0.64409396 -0.64207694 -0.64005993 -0.63804292 -0.63602591 -0.6340089 -0.63199188 -0.62997487 -0.62795786 -0.62594085 -0.62392383 -0.62190682 -0.63352571 -0.64680651 -0.6600873 -0.6733681 -0.68664889 -0.69992969 -0.71321049 -0.72649128 -0.73977208 -0.75305287 -0.76633367 -0.77961446 -0.79289526 -0.80617606 -0.81945685 -0.82026388 -0.81537888 -0.81049389 -0.8056089 -0.80072391 -0.79583892 -0.79095392 -0.78606893 -0.78118394 -0.77629895 -0.77141396 -0.76652896 -0.76164397 -0.76810931 -0.77890193 -0.78969454 -0.80048716 -0.81127977 -0.82207239 -0.832865 -0.84365762
-0.6921333 -0.69011629 -0.68809928 -0.68608227 -0.68406526 -0.68204824 -0.68003123 -0.67801422 -0.67599721 -0.67398019 -0.67196318 -0.66994617 -0.66792916 -0.66591214 -0.66389513 -0.66187812 -0.65986111 -0.65784409 -0.65582708 -0.65381007 -0.65179306 -0.64977605 -0.64775903 -0.64574202 -0.64372501 -0.641708 -0.63969098 -0.63767397 -0.63565696 -0.63363995 -0.63162293 -0.64132565 -0.65460645 -0.66788724 -0.68116804 -0.69444884 -0.70772963 -0.72101043 -0.73429122 -0.74757202 -0.76085281 -0.77413361 -0.78741441 -0.8006952 -0.813976 -0.82725679 -0.83576569 -0.8308807 -0.8259957 -0.82111071 -0.81622572 -0.81134073 -0.80645574 -0.80157074 -0.79668575 -0.79180076 -0.78691577 -0.78203078 -0.77714578 -0.77297155 -0.78376417 -0.79455678 -0.8053494 -0.81614201 -0.82693463 -0.83772724
-0.70386643 -0.70184942 -0.6998324 -0.69781539 -0.69579838 -0.69378137 -0.69176436 -0.68974734 -0.68773033 -0.68571332 -0.68369631 -0.68167929 -0.67966228 -0.67764527 -0.67562826 -0.67361124 -0.67159423 -0.66957722 -0.66756021 -0.66554319 -0.66352618 -0.66150917 -0.65949216 -0.65747515 -0.65545813 -0.65344112 -0.65142411 -0.6494071 -0.64739008 -0.64537307 -0.64335606 -0.64133905 -0.64912559 -0.66240639 -0.67568718 -0.68896798 -0.70224878 -0.71552957 -0.72881037 -0.74209116 -0.75537196 -0.76865275 -0.78193355 -0.79521435 -0.80849514 -0.82177594 -0.83505673 -0.84833753 -0.84638251 -0.84149752 -0.83661252 -0.83172753 -0.82684254 -0.82195755 -0.81707256 -0.81218756 -0.80730257 -0.80241758 -0.79753259 -0.7926476 -0.7877626 -0.78862641 -0.79941902 -0.81021164 -0.82100425 -0.83179687
-0.7000056 -0.71358254 -0.71156553 -0.70954852 -0.70753151 -0.70551449 -0.70349748 -0.70148047 -0.69946346 -0.69744644 -0.69542943 -0.69341242 -0.69139541 -0.68937839 -0.68736138 -0.68534437 -0.68332736 -0.68131034 -0.67929333 -0.67727632 -0.67525931 -0.6732423 -0.67122528 -0.66920827 -0.66719126 -0.66517425 -0.66315723 -0.66114022 -0.65912321 -0.6571062 -0.65508918 -0.65307217 -0.65105516 -0.65692553 -0.67020633 -0.68348713 -0.69676792 -0.71004872 -0.72332951 -0.73661031 -0.7498911 -0.7631719 -0.7764527 -0.78973349 -0.80301429 -0.81629508 -0.82957588 -0.84285667 -0.85613747 -0.86188432 -0.85699933 -0.85211434 -0.84722934 -0.84234435 -0.83745936 -0.83257437 -0.82768938 -0.82280438 -0.81791939 -0.8130344 -0.80814941 -0.80326442 -0.79837942 -0.80428126 -0.81507388 -0.82586649
-0.69362249 -0.72531567 -0.72329866 -0.72128164 -0.71926463 -0.71724762 -0.71523061 -0.71321359 -0.71119658 -0.70917957 -0.70716256 -0.70514554 -0.70312853 -0.70111152 -0.69909451 -0.69707749 -0.69506048 -0.69304347 -0.69102646 -0.68900945 -0.68699243 -0.68497542 -0.68295841 -0.6809414 -0.67892438 -0.67690737 -0.67489036 -0.67287335 -0.67085633 -0.66883932 -0.66682231 -0.6648053 -0.66278828 -0.66077127 -0.66472548 -0.67800627 -0.69128707 -0.70456786 -0.71784866 -0.73112945 -0.74441025 -0.75769105 -0.77097184 -0.78425264 -0.79753343 -0.81081423 -0.82409502 -0.83737582 -0.85065662 -0.86393741 -0.87721821 -0.87250114 -0.86761615 -0.86273116 -0.85784616 -0.85296117 -0.84807618 -0.84319119 -0.8383062 -0.8334212 -0.82853621 -0.82365122 -0.81876623 -0.81388124 -0.8091435 -0.81993612
-0.68723938 -0.71933595 -0.73503178 -0.73301477 -0.73099776 -0.72898074 -0.72696373 -0.72494672 -0.72292971 -0.72091269 -0.71889568 -0.71687867 -0.71486166 -0.71284464 -0.71082763 -0.70881062 -0.70679361 -0.7047766 -0.70275958 -0.70074257 -0.69872556 -0.69670855 -0.69469153 -0.69267452 -0.69065751 -0.6886405 -0.68662348 -0.68460647 -0.68258946 -0.68057245 -0.67855543 -0.67653842 -0.67452141 -0.6725044 -0.67048739 -0.67252542 -0.68580621 -0.69908701 -0.7123678 -0.7256486 -0.7389294 -0.75221019 -0.76549099 -0.77877178 -0.79205258 -0.80533337 -0.81861417 -0.83189497 -0.84517576 -0.85845656 -0.87173735 -0.88501815 -0.88800295 -0.88311796 -0.87823297 -0.87334798 -0.86846298 -0.86357799 -0.858693 -0.85380801 -0.84892302 -0.84403802 -0.83915303 -0.83426804 -0.82938305 -0.82449806
-0.68085628 -0.71295284 -0.7450494 -0.74474789 -0.74273088 -0.74071387 -0.73869686 -0.73667984 -0.73466283 -0.73264582 -0.73062881 -0.72861179 -0.72659478 -0.72457777 -0.72256076 -0.72054375 -0.71852673 -0.71650972 -0.71449271 -0.7124757 -0.71045868 -0.70844167 -0.70642466 -0.70440765 -0.70239063 -0.70037362 -0.69835661 -0.6963396 -0.69432258 -0.69230557 -0.69028856 -0.68827155 -0.68625454 -0.68423752 -0.68222051 -0.6802035 -0.68032536 -0.69360615 -0.70688695 -0.72016775 -0.73344854 -0.74672934 -0.76001013 -0.77329093 -0.78657172 -0.79985252 -0.81313332 -0.82641411 -0.83969491 -0.8529757 -0.8662565 -0.87953729 -0.89281809 -0.90350476 -0.89861977 -0.89373478 -0.88884979 -0.8839648 -0.8790798 -0.87419481 -0.86930982 -0.86442483 -0.85953984 -0.85465484 -0.84976985 -0.74462977
-0.67447317 -0.70656973 -0.7386663 -0.75648102 -0.75446401 -0.75244699 -0.75042998 -0.74841297 -0.74639596 -0.74437894 -0.74236193 -0.74034492 -0.73832791 -0.7363109 -0.73429388 -0.73227687 -0.73025986 -0.72824285 -0.72622583 -0.72420882 -0.72219181 -0.7201748 -0.71815778 -0.71614077 -0.71412376 -0.71210675 -0.71008973 -0.70807272 -0.70605571 -0.7040387 -0.70202169 -0.70000467 -0.69798766 -0.69597065 -0.69395364 -0.69193662 -0.68991961 -0.6881253 -0.7014061 -0.71468689 -0.72796769 -0.74124848 -0.75452928 -0.76781007 -0.78109087 -0.79437167 -0.80765246 -0.82093326 -0.83421405 -0.84749485 -0.86077564 -0.87405644 -0.88733724 -0.90061803 -0.91389883 -0.91412159 -0.90923659 -0.9043516 -0.89946661 -0.89458162 -0.88969662 -0.88481163 -0.87992664 -0.87504165 -0.79599005 -0.57644459
-0.66809006 -0.70018663 -0.73228319 -0.76437975 -0.76619713 -0.76418012 -0.76216311 -0.76014609 -0.75812908 -0.75611207 -0.75409506 -0.75207805 -0.75006103 -0.74804402 -0.74602701 -0.74401 -0.74199298 -0.73997597 -0.73795896 -0.73594195 -0.73392493 -0.73190792 -0.72989091 -0.7278739 -0.72585688 -0.72383987 -0.72182286 -0.71980585 -0.71778884 -0.71577182 -0.71375481 -0.7117378 -0.70972079 -0.70770377 -0.70568676 -0.70366975 -0.70165274 -0.69963572 -0.69761871 -0.70920604 -0.72248683 -0.73576763 -0.74904842 -0.76232922 -0.77561002 -0.78889081 -0.80217161 -0.8154524 -0.8287332 -0.84201399 -0.85529479 -0.86857559 -0.88185638 -0.89513718 -0.90841797 -0.92169877 -0.9296234 -0.92473841 -0.91985341 -0.91496842 -0.91008343 -0.90519844 -0.90031344 -0.8332295 -0.62780486 -0.39987277
-0.66170696 -0.69380352 -0.72590008 -0.75799665 -0.77793026 -0.77591324 -0.77389623 -0.77187922 -0.76986221 -0.76784519 -0.76582818 -0.76381117 -0.76179416 -0.75977715 -0.75776013 -0.75574312 -0.75372611 -0.7517091 -0.74969208 -0.74767507 -0.74565806 -0.74364105 -0.74162403 -0.73960702 -0.73759001 -0.735573 -0.73355598 -0.73153897 -0.72952196 -0.72750495 -0.72548794 -0.72347092 -0.72145391 -0.7194369 -0.71741989 -0.71540287 -0.71338586 -0.71136885 -0.70935184 -0.70733482 -0.71700598 -0.73028677 -0.74356757 -0.75684837 -0.77012916 -0.78340996 -0.79669075 -0.80997155 -0.82325234 -0.83653314 -0.84981394 -0.86309473 -0.87637553 -0.88965632 -0.90293712 -0.91621791 -0.92949871 -0.94277951 -0.94024022 -0.93535523 -0.93047023 -0.92558524 -0.8665605 -0.66165296 -0.43212371 -0.26415019
-0.65532385 -0.68742041 -0.71951698 -0.75161354 -0.7837101 -0.78764637 -0.78562936 -0.78361234 -0.78159533 -0.77957832 -0.77756131 -0.7755443 -0.77352728 -0.77151027 -0.76949326 -0.76747625 -0.76545923 -0.76344222 -0.76142521 -0.7594082 -0.75739118 -0.75537417 -0.75335716 -0.75134015 -0.74932313 -0.74730612 -0.74528911 -0.7432721 -0.74125509 -0.73923807 -0.73722106 -0.73520405 -0.73318704 -0.73117002 -0.72915301 -0.727136 -0.72511899 -0.72310197 -0.72108496 -0.71906795 -0.71705094 -0.72480592 -0.73808672 -0.75136751 -0.76464831 -0.7779291 -0.7912099 -0.80449069 -0.81777149 -0.83105229 -0.84433308 -0.85761388 -0.87089467 -0.88417547 -0.89745626 -0.91073706 -0.92401786 -0.93729865 -0.95057945 -0.95574203 -0.95085704 -0.89556965 -0.64466056 -0.44858564 -0.27634802 -0.22656079
-0.64894074 -0.68103731 -0.71313387 -0.74523043 -0.777327 -0.79937949 -0.79736248 -0.79534547 -0.79332846 -0.79131145 -0.78929443 -0.78727742 -0.78526041 -0.7832434 -0.78122638 -0.77920937 -0.77719236 -0.77517535 -0.77315833 -0.77114132 -0.76912431 -0.7671073 -0.76509028 -0.76307327 -0.76105626 -0.75903925 -0.75702224 -0.75500522 -0.75298821 -0.7509712 -0.74895419 -0.74693717 -0.74492016 -0.74290315 -0.74088614 -0.73886912 -0.73685211 -0.7348351 -0.73281809 -0.73080107 -0.72878406 -0.72676705 -0.73260586 -0.74588666 -0.75916745 -0.77244825 -0.78572904 -0.79900984 -0.81229064 -0.82557143 -0.83885223 -0.85213302 -0.86541382 -0.87869461 -0.89197541 -0.90525621 -0.918537 -0.9318178 -0.94509859 -0.95837939 -0.90367085 -0.65276176 -0.42524804 -0.26808882 -0.23875862 -0.18897138
-0.64255764 -0.6746542 -0.70675076 -0.73884733 -0.77094389 -0.80304045 -0.80909561 -0.8070786 -0.80506158 -0.80304457 -0.80102756 -0.79901055 -0.79699353 -0.79497652 -0.79295951 -0.7909425 -0.78892548 -0.78690847 -0.78489146 -0.78287445 -0.78085743 -0.77884042 -0.77682341 -0.7748064 -0.77278939 -0.77077237 -0.76875536 -0.76673835 -0.76472134 -0.76270432 -0.76068731 -0.7586703 -0.75665329 -0.75463627 -0.75261926 -0.75060225 -0.74858524 -0.74656822 -0.74455121 -0.7425342 -0.74051719 -0.73850018 -0.73648316 -0.7404058 -0.7536866 -0.76696739 -0.78024819 -0.79352899 -0.80680978 -0.82009058 -0.83337137 -0.84665217 -0.85993296 -0.87321376 -0.88649456 -0.89977535 -0.91305615 -0.92633694 -0.93961774 -0.90204288 -0.65967446 -0.40995388 -0.24475447 -0.21779559 -0.19544265 -0.13847559
-0.63617453 -0.66827109 -0.70036766 -0.73246422 -0.76456078 -0.79665735 -0.82082873 -0.81881172 -0.81679471 -0.8147777 -0.81276068 -0.81074367 -0.80872666 -0.80670965 -0.80469263 -0.80267562 -0.80065861 -0.7986416 -0.79662458 -0.79460757 -0.79259056 -0.79057355 -0.78855654 -0.78653952 -0.78452251 -0.7825055 -0.78048849 -0.77847147 -0.77645446 -0.77443745 -0.77242044 -0.77040342 -0.76838641 -0.7663694 -0.76435239 -0.76233537 -0.76031836 -0.75830135 -0.75628434 -0.75426733 -0.75225031 -0.7502333 -0.74821629 -0.74619928 -0.74820574 -0.76148654 -0.77476734 -0.78804813 -0.80132893 -0.81460972 -0.82789052 -0.84117131 -0.85445211 -0.86773291 -0.8810137 -0.8942945 -0.90757529 -0.92085609 -0.90324178 -0.65686254 -0.41449412 -0.22142012 -0.19377306 -0.168775 -0.14642206 -0.13021882
-0.62979143 -0.66188799 -0.69398455 -0.72608111 -0.75817768 -0.79027424 -0.8223708 -0.83054485 -0.82852783 -0.82651082 -0.82449381 -0.8224768 -0.82045978 -0.81844277 -0.81642576 -0.81440875 -0.81239173 -0.81037472 -0.80835771 -0.8063407 -0.80432369 -0.80230667 -0.80028966 -0.79827265 -0.79625564 -0.79423862 -0.79222161 -0.7902046 -0.78818759 -0.78617057 -0.78415356 -0.78213655 -0.78011954 -0.77810252 -0.77608551 -0.7740685 -0.77205149 -0.77003448 -0.76801746 -0.76600045 -0.76398344 -0.76196643 -0.75994941 -0.7579324 -0.75591539 -0.75600569 -0.76928648 -0.78256728 -0.79584807 -0.80912887 -0.82240966 -0.83569046 -0.84897126 -0.86225205 -0.87553285 -0.88881364 -0.90209444 -0.90490323 -0.68301193 -0.4694593 -0.25590667 -0.17043871 -0.14279165 -0.11975441 -0.12887907 -0.13633597
-0.62340832 -0.65550488 -0.68760144 -0.71969801 -0.75179457 -0.78389113 -0.8159877 -0.84227797 -0.84026096 -0.83824395 -0.83622693 -0.83420992 -0.83219291 -0.8301759 -0.82815888 -0.82614187 -0.82412486 -0.82210785 -0.82009084 -0.81807382 -0.81605681 -0.8140398 -0.81202279 -0.81000577 -0.80798876 -0.80597175 -0.80395474 -0.80193772 -0.79992071 -0.7979037 -0.79588669 -0.79386967 -0.79185266 -0.78983565 -0.78781864 -0.78580163 -0.78378461 -0.7817676 -0.77975059 -0.77773358 -0.77571656 -0.77369955 -0.77168254 -0.76966553 -0.76764851 -0.7656315 -0.76380563 -0.77708642 -0.79036722 -0.80364801 -0.81692881 -0.83020961 -0.8434904 -0.8567712 -0.87005199 -0.88333279 -0.89661358 -0.62423984 -0.58191342 -0.36836078 -0.15920711 -0.12154753 -0.093086765 -0.10221221 -0.11915665 -0.1361011
-0.61702521 -0.64912178 -0.68121834 -0.7133149 -0.74541146 -0.77750803 -0.80960459 -0.84170115 -0.85199408 -0.84997707 -0.84796006 -0.84594305 -0.84392603 -0.84190902 -0.83989201 -0.837875 -0.83585798 -0.83384097 -0.83182396 -0.82980695 -0.82778994 -0.82577292 -0.82375591 -0.8217389 -0.81972189 -0.81770487 -0.81568786 -0.81367085 -0.81165384 -0.80963682 -0.80761981 -0.8056028 -0.80358579 -0.80156877 -0.79955176 -0.79753475 -0.79551774 -0.79350073 -0.79148371 -0.7894667 -0.78744969 -0.78543268 -0.78341566 -0.78139865 -0.77938164 -0.77736463 -0.77534761 -0.7733306 -0.78488636 -0.79816716 -0.81144796 -0.82472875 -0.83800955 -0.85129034 -0.86457114 -0.87785193 -0.62740465 -0.46411759 -0.46304616 -0.26726227 -0.11239766 -0.074738085 -0.075545347 -0.092489792 -0.10943424 -0.12637868
-0.61064211 -0.64273867 -0.67483523 -0.7069318 -0.73902836 -0.77112492 -0.80322148 -0.83531805 -0.86372721 -0.8617102 -0.85969318 -0.85767617 -0.85565916 -0.85364215 -0.85162513 -0.84960812 -0.84759111 -0.8455741 -0.84355709 -0.84154007 -0.83952306 -0.83750605 -0.83548904 -0.83347202 -0.83145501 -0.829438 -0.82742099 -0.82540397 -0.82338696 -0.82136995 -0.81935294 -0.81733592 -0.81531891 -0.8133019 -0.81128489 -0.80926788 -0.80725086 -0.80523385 -0.80321684 -0.80119983 -0.79918281 -0.7971658 -0.79514879 -0.79313178 -0.79111476 -0.78909775 -0.78708074 -0.78506373 -0.78304671 -0.79268631 -0.8059671 -0.8192479 -0.83252869 -0.84580949 -0.85909028 -0.68501507 -0.30506677 -0.30399534 -0.30292391 -0.16616376 -0.065588213 -0.054699921 -0.060855341 -0.082767375 -0.099711819 -0.11665626
-0.604259 -0.63635556 -0.66845213 -0.70054869 -0.73264525 -0.76474181 -0.79683838 -0.82893494 -0.8610315 -0.87344332 -0.87142631 -0.8694093 -0.86739228 -0.86537527 -0.86335826 -0.86134125 -0.85932424 -0.85730722 -0.85529021 -0.8532732 -0.85125619 -0.84923917 -0.84722216 -0.84520515 -0.84318814 -0.84117112 -0.83915411 -0.8371371 -0.83512009 -0.83310307 -0.83108606 -0.82906905 -0.82705204 -0.82503503 -0.82301801 -0.821001 -0.81898399 -0.81696698 -0.81494996 -0.81293295 -0.81091594 -0.80889893 -0.80688191 -0.8048649 -0.80284789 -0.80083088 -0.79881386 -0.79679685 -0.79477984 -0.79276283 -0.80048625 -0.81376704 -0.82704784 -0.84032863 -0.6508392 -0.2428392 -0.14494452 -0.14387309 -0.14280166 -0.065065245 -0.041019842 -0.044138653 -0.047257465 -0.071383034 -0.089989403 -0.10693385
-0.59787589 -0.62997246 -0.66206902 -0.69416558 -0.72626215 -0.75835871 -0.79045527 -0.82255183 -0.8546484 -0.88517645 -0.88315943 -0.88114242 -0.87912541 -0.8771084 -0.87509139 -0.87307437 -0.87105736 -0.86904035 -0.86702334 -0.86500632 -0.86298931 -0.8609723 -0.85895529 -0.85693827 -0.85492126 -0.85290425 -0.85088724 -0.84887022 -0.84685321 -0.8448362 -0.84281919 -0.84080218 -0.83878516 -0.83676815 -0.83475114 -0.83273413 -0.83071711 -0.8287001 -0.82668309 -0.82466608 -0.82264906 -0.82063205 -0.81861504 -0.81659803 -0.81458101 -0.812564 -0.81054699 -0.80852998 -0.80651297 -0.80449595 -0.80247894 -0.80828619 -0.82156698 -0.6054968 -0.26819732 -0.1071817 -0.068790298 -0.049751837 -0.030713375 -0.025501652 -0.030458574 -0.033577386 -0.036696198 -0.053395876 -0.080266986 -0.09721143
-0.59149279 -0.62358935 -0.65568591 -0.68778248 -0.71987904 -0.7519756 -0.78407217 -0.81616873 -0.84826529 -0.88036185 -0.89489256 -0.89287555 -0.89085854 -0.88884152 -0.88682451 -0.8848075 -0.88279049 -0.88077347 -0.87875646 -0.87673945 -0.87472244 -0.87270542 -0.87068841 -0.8686714 -0.86665439 -0.86463737 -0.86262036 -0.86060335 -0.85858634 -0.85656933 -0.85455231 -0.8525353 -0.85051829 -0.84850128 -0.84648426 -0.84446725 -0.84245024 -0.84043323 -0.83841621 -0.8363992 -0.83438219 -0.83236518 -0.83034816 -0.82833115 -0.82631414 -0.82429713 -0.82228012 -0.8202631 -0.81824609 -0.81622908 -0.81421207 -0.81219505 -0.63477376 -0.33246607 -0.13114922 -0.070673032 -0.018468779 0.00056968266 0.006152462 0.0032176794 -0.019897307 -0.023016119 -0.026134931 -0.035408718 -0.063923569 -0.087489014
-0.58510968 -0.61720624 -0.64930281 -0.68139937 -0.71349593 -0.7455925 -0.77768906 -0.80978562 -0.84188218 -0.87397875 -0.90607531 -0.90460867 -0.90259166 -0.90057465 -0.89855764 -0.89654062 -0.89452361 -0.8925066 -0.89048959 -0.88847257 -0.88645556 -0.88443855 -0.88242154 -0.88040452 -0.87838751 -0.8763705 -0.87435349 -0.87233648 -0.87031946 -0.86830245 -0.86628544 -0.86426843 -0.86225141 -0.8602344 -0.85821739 -0.85620038 -0.85418336 -0.85216635 -0.85014934 -0.84813233 -0.84611531 -0.8440983 -0.84208129 -0.84006428 -0.83804727 -0.83603025 -0.83401324 -0.83199623 -0.8294091 -0.82460404 -0.81979898 -0.6206895 -0.39673481 -0.15511675 -0.094640556 -0.034164365 0.026311825 0.03499356 0.032058777 0.029123995 0.0087752178 -0.012454851 -0.015573663 -0.018692475 -0.045936411 -0.074451262
