Ground Level.asc
NCOLS 300
NROWS 300
XLLCORNER 415890
YLLCORNER 92774.4
DX 0.6
DY 0.33333
NODATA_VALUE -9999
[rows 124 to 154 of 300, columns 138 to 206 of 300]
-9999 -9999 -9999 -9999 -9999 -9999 -9999 -9999 -9999 -9999 -9999 -9999 -9999 -9999 -9999 -9999 -9999 -9999 -9999 -9999 -9999 -9999 -9999 -9999 -9999 -9999 -0.12641282 -0.035082541 0.056247734 0.04045436 0.020406854 0.00035934809 -0.022946919 -0.060798032 -0.073031356 -0.060955406 -0.048879457 -0.044951429 -0.051518462 -0.055649029 -0.059064414 -0.061748461 -0.086398872 -0.150592 -0.21478512 -0.22642499 -0.22239097 -0.22678335 -0.25257506 -0.24280508 -0.26288246 -0.28446769 -0.30671116 -0.33073046 -0.35474977 -0.37876907 -0.40278837 -0.42680767 -0.45082697 -0.47484628 -0.49886558 -0.52288488 -0.54690418 -0.42369987 -9999 -9999 -9999 -9999 -9999
-9999 -9999 -9999 -9999 -9999 -9999 -9999 -9999 -9999 -9999 -9999 -9999 -9999 -9999 -9999 -9999 -9999 -9999 -9999 -9999 -9999 -9999 -9999 -9999 -9999 -9999 -0.13994479 -0.048614516 0.042715759 0.050720818 0.030673312 0.010625807 -0.016884048 -0.054735161 -0.078347758 -0.066271809 -0.05419586 -0.034151741 -0.037567125 -0.040982509 -0.044397894 -0.049120266 -0.073633042 -0.13782617 -0.20201929 -0.24989054 -0.24585651 -0.24182249 -0.24238356 -0.26894515 -0.27380748 -0.2726073 -0.29419253 -0.31577776 -0.33736299 -0.36126838 -0.38528768 -0.40930698 -0.43332628 -0.45734558 -0.48136488 -0.50538419 -0.52940349 -0.55342279 -0.57744209 -0.13536208 -9999 -9999 -9999
-9999 -9999 -9999 -9999 -9999 -9999 -9999 -9999 -9999 -9999 -9999 -9999 -9999 -9999 -9999 -9999 -9999 -9999 -9999 -9999 -9999 -9999 -9999 -9999 -9999 -9999 -0.15347677 -0.062146491 0.029183784 0.060987277 0.040939771 0.020892265 -0.010821177 -0.048672289 -0.083664161 -0.071588211 -0.059512262 -0.019485221 -0.022900605 -0.026315989 -0.029200732 -0.036844174 -0.060867213 -0.12506034 -0.18925346 -0.25344659 -0.26932206 -0.26528804 -0.26125401 -0.25798377 -0.28454536 -0.30480988 -0.2950399 -0.30391736 -0.32550259 -0.34708782 -0.36867305 -0.39180629 -0.41582559 -0.43984489 -0.46386419 -0.48788349 -0.5119028 -0.5359221 -0.5599414 -0.5839607 -0.60798 -9999 -9999
-9999 -9999 -9999 -9999 -9999 -9999 -9999 -9999 -9999 -9999 -9999 -9999 -9999 -9999 -9999 -9999 -9999 -9999 -9999 -9999 -9999 -9999 -9999 -9999 -9999 -9999 -0.16700874 -0.075678466 0.015651809 0.071253735 0.051206229 0.031158723 -0.0047583056 -0.042609418 -0.080460531 -0.076904614 -0.064828665 -0.0048187007 -0.0082340846 -0.011649469 -0.013829123 -0.024568082 -0.048101383 -0.11229451 -0.17648763 -0.24068076 -0.29278761 -0.28875358 -0.28471956 -0.28068553 -0.27665151 -0.30014557 -0.32670717 -0.3260423 -0.31627231 -0.33522743 -0.35681266 -0.37839789 -0.39998312 -0.4223442 -0.4463635 -0.4703828 -0.4944021 -0.51842141 -0.54244071 -0.56646001 -0.59047931 -0.61449861 -0.63851791
-9999 -9999 -9999 -9999 -9999 -9999 -9999 -9999 -9999 -9999 -9999 -9999 -9999 -9999 -9999 -9999 -9999 -9999 -9999 -9999 -9999 -9999 -9999 -9999 -9999 -9999 -0.18054072 -0.089210441 0.0021198347 0.081520194 0.061472688 0.039155678 0.0013045655 -0.036546547 -0.07439766 -0.082221017 -0.070145067 0.0098478193 0.0064324354 0.0033469975 0.0015424862 -0.01229199 -0.035335553 -0.099528679 -0.1637218 -0.22791493 -0.29210806 -0.31221913 -0.3081851 -0.30415108 -0.30011705 -0.29608303 -0.31574579 -0.34230738 -0.3570447 -0.34727472 -0.34495227 -0.3665375 -0.38812273 -0.40970796 -0.43129319 -0.45288211 -0.47690141 -0.50092071 -0.52494001 -0.54895932 -0.57297862 -0.59699792 -0.62101722
-9999 -9999 -9999 -9999 -9999 -9999 -9999 -9999 -9999 -9999 -9999 -9999 -9999 -9999 -9999 -9999 -9999 -9999 -9999 -9999 -9999 -9999 -9999 -9999 -9999 -9999 -0.19407269 -0.10274242 -0.01141214 0.079918135 0.071739146 0.045218549 0.0073674365 -0.030483676 -0.068334789 -0.087537419 -0.07546147 0.024514339 0.021098955 0.018718606 0.016914095 -1.5897589e-05 -0.022569723 -0.086762849 -0.15095598 -0.2151491 -0.27934223 -0.33568467 -0.33165065 -0.32761662 -0.3235826 -0.31954858 -0.31551455 -0.331346 -0.35790759 -0.38446918 -0.37827712 -0.36850713 -0.37626233 -0.39784756 -0.4194328 -0.44101803 -0.46260326 -0.48418849 -0.50743932 -0.53145862 -0.55547793 -0.57949723 -0.60351653
-9999 -9999 -9999 -9999 -9999 -9999 -9999 -9999 -9999 -9999 -9999 -9999 -9999 -9999 -9999 -9999 -9999 -9999 -9999 -9999 -9999 -9999 -9999 -9999 -9999 -9999 -0.20760467 -0.11627439 -0.024944115 0.06638616 0.082005605 0.05128142 0.013430308 -0.024420805 -0.062271918 -0.092853822 -0.062819141 0.039180859 0.035894727 0.034090216 0.031825412 0.012420319 -0.0098038934 -0.073997019 -0.13819015 -0.20238327 -0.2665764 -0.33076952 -0.3551162 -0.35108217 -0.34704815 -0.34301412 -0.3389801 -0.33494607 -0.34694621 -0.3735078 -0.40006939 -0.40927952 -0.39950953 -0.38973955 -0.4075724 -0.42915763 -0.45074286 -0.47232809 -0.49391332 -0.51549855 -0.53797723 -0.56199654 -0.58601584
-9999 -9999 -9999 -9999 -9999 -9999 -9999 -9999 -9999 -9999 -9999 -9999 -9999 -9999 -9999 -9999 -9999 -9999 -9999 -9999 -9999 -9999 -9999 -9999 -9999 -9999 -0.22113664 -0.12980636 -0.03847609 0.052854186 0.092272063 0.057344291 0.019493179 -0.018357934 -0.056209047 -0.09406016 -0.048152621 0.053847379 0.051266336 0.049461825 0.044101504 0.024856742 0.0029619363 -0.061231189 -0.12542432 -0.18961744 -0.25381057 -0.31800369 -0.37858174 -0.37454772 -0.37051369 -0.36647967 -0.36244564 -0.35841162 -0.35437759 -0.36254642 -0.38910801 -0.4156696 -0.44028192 -0.43051193 -0.42074195 -0.41729724 -0.43888247 -0.4604677 -0.48205293 -0.50363816 -0.52522339 -0.54680862 -0.56851514
-9999 -9999 -9999 -9999 -9999 -9999 -9999 -9999 -9999 -9999 -9999 -9999 -9999 -9999 -9999 -9999 -9999 -9999 -9999 -9999 -9999 -9999 -9999 -9999 -9999 -9999 -9999 -0.14333834 -0.052008064 0.039322211 0.10125828 0.063407163 0.02555605 -0.012295063 -0.050146176 -0.087997289 -0.033486101 0.068513899 0.066637945 0.064833434 0.056377596 0.037293166 0.015727766 -0.04846536 -0.11265849 -0.17685161 -0.24104474 -0.30523786 -0.36943099 -0.39801326 -0.39397924 -0.38994521 -0.38591119 -0.38187717 -0.37784314 -0.37380912 -0.37814663 -0.40470822 -0.43126982 -0.45783141 -0.46151434 -0.45174435 -0.44197437 -0.4486073 -0.47019254 -0.49177777 -0.513363 -0.53494823 -0.55653346
-9999 -9999 -9999 -9999 -9999 -9999 -9999 -9999 -9999 -9999 -9999 -9999 -9999 -9999 -9999 -9999 -9999 -9999 -9999 -9999 -9999 -9999 -9999 -9999 -9999 -9999 -9999 -0.15687031 -0.065540039 0.025790236 0.11417546 0.088392788 0.052100105 0.015807422 -0.020485261 -0.056777944 -0.046977751 0.055022249 0.082009554 0.080205043 0.068653688 0.04972959 0.028493596 -0.03569953 -0.099892656 -0.16408578 -0.22827891 -0.29247203 -0.35666516 -0.42085829 -0.41744479 -0.41341076 -0.40937674 -0.40534271 -0.40130869 -0.39727466 -0.39324064 -0.39374684 -0.42030844 -0.44687003 -0.47343162 -0.49251674 -0.48274675 -0.47297677 -0.46320678 -0.47991737 -0.5015026 -0.52308783 -0.54467306
-9999 -9999 -9999 -9999 -9999 -9999 -9999 -9999 -9999 -9999 -9999 -9999 -9999 -9999 -9999 -9999 -9999 -9999 -9999 -9999 -9999 -9999 -9999 -9999 -9999 -9999 -9999 -0.17040229 -0.079072014 0.012258261 0.10012058 0.12302659 0.086733905 0.050441222 0.014148539 -0.010432316 -0.011539698 0.038355749 0.097381163 0.095576652 0.08092978 0.062166014 0.041259426 -0.0229337 -0.087126826 -0.15131995 -0.21551308 -0.2797062 -0.34389933 -0.40809246 -0.44091033 -0.43687631 -0.43284228 -0.42880826 -0.42477423 -0.42074021 -0.41670618 -0.41267216 -0.40934706 -0.43590865 -0.46247024 -0.48903183 -0.51559342 -0.51374915 -0.50397917 -0.49420919 -0.48964221 -0.51122744 -0.53281267
-9999 -9999 -9999 -9999 -9999 -9999 -9999 -9999 -9999 -9999 -9999 -9999 -9999 -9999 -9999 -9999 -9999 -9999 -9999 -9999 -9999 -9999 -9999 -9999 -9999 -9999 -9999 -0.18393426 -0.092603989 -0.0012737135 0.086065695 0.13605034 0.12136771 0.085075022 0.048782339 0.03654708 0.035439698 0.034332315 0.11275277 0.11094826 0.093205872 0.074602438 0.054025255 -0.01016787 -0.074360996 -0.13855412 -0.20274725 -0.26694037 -0.3311335 -0.39532663 -0.45951975 -0.46034185 -0.45630783 -0.4522738 -0.44823978 -0.44420576 -0.44017173 -0.43613771 -0.43210368 -0.42806966 -0.45150886 -0.47807045 -0.50463204 -0.53119363 -0.54475155 -0.53498157 -0.52521159 -0.5154416 -0.52095228
-9999 -9999 -9999 -9999 -9999 -9999 -9999 -9999 -9999 -9999 -9999 -9999 -9999 -9999 -9999 -9999 -9999 -9999 -9999 -9999 -9999 -9999 -9999 -9999 -9999 -9999 -9999 -0.19746624 -0.10613596 -0.014805688 0.072010811 0.14362602 0.14908057 0.11970882 0.084633859 0.083526476 0.082419094 0.081311711 0.10702275 0.12504718 0.10548196 0.087038862 0.066791085 0.0025979595 -0.061595167 -0.12578829 -0.18998142 -0.25417454 -0.31836767 -0.3825608 -0.44675392 -0.4838074 -0.47977338 -0.47573935 -0.47170533 -0.4676713 -0.46363728 -0.45960325 -0.45556923 -0.4515352 -0.44750118 -0.46710907 -0.49367066 -0.52023225 -0.54679385 -0.57335544 -0.56598397 -0.55621399 -0.546444
-9999 -9999 -9999 -9999 -9999 -9999 -9999 -9999 -9999 -9999 -9999 -9999 -9999 -9999 -9999 -9999 -9999 -9999 -9999 -9999 -9999 -9999 -9999 -9999 -9999 -9999 -9999 -0.21099821 -0.11966794 -0.028337663 0.057955928 0.13349421 0.15665625 0.15434262 0.13161325 0.13050587 0.12939849 0.12829111 0.12718372 0.13732327 0.11775806 0.099475286 0.079556915 0.015363789 -0.048829337 -0.11302246 -0.17721559 -0.24140871 -0.30560184 -0.36979497 -0.43398809 -0.49818122 -0.50323892 -0.4992049 -0.49517087 -0.49113685 -0.48710282 -0.4830688 -0.47903477 -0.47500075 -0.47096672 -0.4669327 -0.48270928 -0.50927087 -0.53583247 -0.56239406 -0.58895565 -0.59698637 -0.58721639
-9999 -9999 -9999 -9999 -9999 -9999 -9999 -9999 -9999 -9999 -9999 -9999 -9999 -9999 -9999 -9999 -9999 -9999 -9999 -9999 -9999 -9999 -9999 -9999 -9999 -9999 -9999 -0.22453019 -0.13319991 -0.041869638 0.043901045 0.11943932 0.16354156 0.1689961 0.16839866 0.16486275 0.16132683 0.15779092 0.15425501 0.14959937 0.13003415 0.11191171 0.092322745 0.028129619 -0.036063507 -0.10025663 -0.16444976 -0.22864288 -0.29283601 -0.35702914 -0.42122226 -0.48541539 -0.52670447 -0.52267044 -0.51863642 -0.51460239 -0.51056837 -0.50653435 -0.50250032 -0.4984663 -0.49443227 -0.49039825 -0.48636422 -0.49830949 -0.52487109 -0.55143268 -0.57799427 -0.60455586 -0.62798877
-9999 -9999 -9999 -9999 -9999 -9999 -9999 -9999 -9999 -9999 -9999 -9999 -9999 -9999 -9999 -9999 -9999 -9999 -9999 -9999 -9999 -9999 -9999 -9999 -9999 -9999 -9999 -0.23806216 -0.14673189 -0.055401613 0.029846161 0.10538444 0.16764134 0.17309588 0.17220464 0.16866872 0.16513281 0.1615969 0.15887324 0.15877733 0.14231024 0.12434813 0.10508857 0.040895449 -0.023297677 -0.087490803 -0.15168393 -0.21587706 -0.28007018 -0.34426331 -0.40845643 -0.47264956 -0.53684269 -0.54613599 -0.54210197 -0.53806794 -0.53403392 -0.52999989 -0.52596587 -0.52193184 -0.51789782 -0.51386379 -0.50982977 -0.50579574 -0.51390971 -0.5404713 -0.56703289 -0.59359448 -0.62015607
-9999 -9999 -9999 -9999 -9999 -9999 -9999 -9999 -9999 -9999 -9999 -9999 -9999 -9999 -9999 -9999 -9999 -9999 -9999 -9999 -9999 -9999 -9999 -9999 -9999 -9999 -9999 -0.25159414 -0.16026386 -0.068933587 0.015791278 0.091329555 0.15898253 0.17719567 0.17601061 0.1724747 0.16893879 0.16623262 0.16433733 0.16458024 0.15458633 0.13678456 0.1178544 0.053661279 -0.010531847 -0.074724973 -0.1389181 -0.20311123 -0.26730435 -0.33149748 -0.3956906 -0.45988373 -0.52407686 -0.56960154 -0.56556751 -0.56153349 -0.55749946 -0.55346544 -0.54943141 -0.54539739 -0.54136336 -0.53732934 -0.53329531 -0.52926129 -0.52522727 -0.52950992 -0.55607151 -0.5826331 -0.60919469
-9999 -9999 -9999 -9999 -9999 -9999 -9999 -9999 -9999 -9999 -9999 -9999 -9999 -9999 -9999 -9999 -9999 -9999 -9999 -9999 -9999 -9999 -9999 -9999 -9999 -9999 -9999 -0.26512611 -0.17379584 -0.082465562 0.0017363946 0.077274672 0.14399983 0.18129545 0.17981659 0.17628068 0.17359199 0.1710009 0.17014024 0.17038315 0.16686242 0.14922098 0.13062023 0.066427108 0.0022339824 -0.061959144 -0.12615227 -0.1903454 -0.25453852 -0.31873165 -0.38292477 -0.4471179 -0.51131103 -0.57550415 -0.58903306 -0.58499903 -0.58096501 -0.57693098 -0.57289696 -0.56886294 -0.56482891 -0.56079489 -0.55676086 -0.55272684 -0.54869281 -0.54465879 -0.54511013 -0.57167172 -0.59823331
-9999 -9999 -9999 -9999 -9999 -9999 -9999 -9999 -9999 -9999 -9999 -9999 -9999 -9999 -9999 -9999 -9999 -9999 -9999 -9999 -9999 -9999 -9999 -9999 -9999 -9999 -9999 -0.27865809 -0.18732781 -0.095997537 -0.012318489 0.063219789 0.12901712 0.18539523 0.18362257 0.18095137 0.17836028 0.17576918 0.17594315 0.17618606 0.17642898 0.1616574 0.14338606 0.079192938 0.014999812 -0.049193314 -0.11338644 -0.17757957 -0.24177269 -0.30596582 -0.37015894 -0.43435207 -0.4985452 -0.56273832 -0.61249861 -0.60846458 -0.60443056 -0.60039653 -0.59636251 -0.59232848 -0.58829446 -0.58426043 -0.58022641 -0.57619238 -0.57215836 -0.56812433 -0.56409031 -0.56071034 -0.58727193
-9999 -9999 -9999 -9999 -9999 -9999 -9999 -9999 -9999 -9999 -9999 -9999 -9999 -9999 -9999 -9999 -9999 -9999 -9999 -9999 -9999 -9999 -9999 -9999 -9999 -9999 -9999 -0.29219006 -0.20085979 -0.10952951 -0.026373372 0.049164905 0.11403441 0.17788196 0.18831075 0.18571965 0.18312856 0.18150314 0.18174606 0.18198897 0.18211293 0.17409383 0.15615189 0.091958768 0.027765642 -0.036427484 -0.10062061 -0.16481374 -0.22900686 -0.29319999 -0.35739311 -0.42158624 -0.48577937 -0.54997249 -0.61416562 -0.63193013 -0.6278961 -0.62386208 -0.61982805 -0.61579403 -0.61176 -0.60772598 -0.60369195 -0.59965793 -0.5956239 -0.59158988 -0.58755586 -0.58352183 -0.57948781
-9999 -9999 -9999 -9999 -9999 -9999 -9999 -9999 -9999 -9999 -9999 -9999 -9999 -9999 -9999 -9999 -9999 -9999 -9999 -9999 -9999 -9999 -9999 -9999 -9999 -9999 -9999 -0.30572204 -0.21439176 -0.12306149 -0.040428256 0.035110022 0.099051696 0.16289925 0.19307903 0.19048794 0.18789684 0.18730605 0.18754897 0.1876426 0.1871574 0.18653025 0.16891772 0.1047246 0.040531472 -0.023661654 -0.08785478 -0.15204791 -0.21624103 -0.28043416 -0.34462728 -0.40882041 -0.47301354 -0.53720666 -0.60139979 -0.65539567 -0.65136165 -0.64732762 -0.6432936 -0.63925957 -0.63522555 -0.63119152 -0.6271575 -0.62312348 -0.61908945 -0.61505543 -0.6110214 -0.60698738 -0.60295335
-9999 -9999 -9999 -9999 -9999 -9999 -9999 -9999 -9999 -9999 -9999 -9999 -9999 -9999 -9999 -9999 -9999 -9999 -9999 -9999 -9999 -9999 -9999 -9999 -9999 -9999 -9999 -0.31925401 -0.22792374 -0.13659346 -0.054483139 0.020221437 0.084068987 0.14739107 0.19784731 0.19525622 0.19286605 0.19310897 0.19317228 0.19177693 0.19327276 0.1974588 0.18168355 0.11749043 0.053297302 -0.010895824 -0.07508895 -0.13928208 -0.2034752 -0.26766833 -0.33186145 -0.39605458 -0.46024771 -0.52444083 -0.58863396 -0.65282708 -0.67482719 -0.67079317 -0.66675915 -0.66272512 -0.6586911 -0.65465707 -0.65062305 -0.64658902 -0.642555 -0.63852097 -0.63448695 -0.63045292 -0.6264189
-9999 -9999 -9999 -9999 -9999 -9999 -9999 -9999 -9999 -9999 -9999 -9999 -9999 -9999 -9999 -9999 -9999 -9999 -9999 -9999 -9999 -9999 -9999 -9999 -9999 -9999 -9999 -0.33278599 -0.24145571 -0.15012544 -0.068538022 0.0052387271 0.069086277 0.13182357 0.1914606 0.2000245 0.19866896 0.19870195 0.1973066 0.19591126 0.19938811 0.20357416 0.19444938 0.13025626 0.066063131 0.0018700053 -0.062323121 -0.12651625 -0.19070937 -0.2549025 -0.31909562 -0.38328875 -0.44748188 -0.511675 -0.57586813 -0.64006125 -0.69829274 -0.69425872 -0.69022469 -0.68619067 -0.68215664 -0.67812262 -0.67408859 -0.67005457 -0.66602054 -0.66198652 -0.65795249 -0.65391847 -0.64988444
-9999 -9999 -9999 -9999 -9999 -9999 -9999 -9999 -9999 -9999 -9999 -9999 -9999 -9999 -9999 -9999 -9999 -9999 -9999 -9999 -9999 -9999 -9999 -9999 -9999 -9999 -9999 -0.34631796 -0.25498769 -0.16365741 -0.082592906 -0.0097439825 0.054103567 0.11625607 0.1758931 0.20479279 0.20423163 0.20283628 0.20144093 0.20131742 0.20550347 0.20968952 0.20721521 0.14302209 0.078828961 0.014635835 -0.049557291 -0.11375042 -0.17794354 -0.24213667 -0.30632979 -0.37052292 -0.43471605 -0.49890917 -0.5631023 -0.62729543 -0.69148855 -0.71772426 -0.71369024 -0.70965621 -0.70562219 -0.70158816 -0.69755414 -0.69352011 -0.68948609 -0.68545207 -0.68141804 -0.67738402 -0.67334999
-9999 -9999 -9999 -9999 -9999 -9999 -9999 -9999 -9999 -9999 -9999 -9999 -9999 -9999 -9999 -9999 -9999 -9999 -9999 -9999 -9999 -9999 -9999 -9999 -9999 -9999 -9999 -0.35984994 -0.26851966 -0.17718939 -0.096647789 -0.024726692 0.039120858 0.10068857 0.1603256 0.2097613 0.20836595 0.2069706 0.20557526 0.20743278 0.21161883 0.21580487 0.21998104 0.15578792 0.091594791 0.027401665 -0.036791461 -0.10098459 -0.16517771 -0.22937084 -0.29356397 -0.35775709 -0.42195022 -0.48614334 -0.55033647 -0.6145296 -0.67872272 -0.74118981 -0.73715578 -0.73312176 -0.72908774 -0.72505371 -0.72101969 -0.71698566 -0.71295164 -0.70891761 -0.70488359 -0.70084956 -0.69681554
-9999 -9999 -9999 -9999 -9999 -9999 -9999 -9999 -9999 -9999 -9999 -9999 -9999 -9999 -9999 -9999 -9999 -9999 -9999 -9999 -9999 -9999 -9999 -9999 -9999 -9999 -9999 -0.37338191 -0.28205164 -0.19072136 -0.11070267 -0.039709402 0.024138148 0.085121075 0.1447581 0.20502668 0.21250028 0.21110493 0.20970958 0.21354814 0.21773418 0.22195205 0.22474224 0.20824827 0.10436062 0.040167495 -0.024025631 -0.088218757 -0.15241188 -0.21660501 -0.28079814 -0.34499126 -0.40918439 -0.47337751 -0.53757064 -0.60176377 -0.66595689 -0.73015002 -0.76062133 -0.75658731 -0.75255328 -0.74851926 -0.74448523 -0.74045121 -0.73641718 -0.73238316 -0.72834913 -0.72431511 -0.72028108
-9999 -9999 -9999 -9999 -9999 -9999 -9999 -9999 -9999 -9999 -9999 -9999 -9999 -9999 -9999 -9999 -9999 -9999 -9999 -9999 -9999 -9999 -9999 -9999 -9999 -9999 -9999 -0.38691389 -0.29558361 -0.20425334 -0.12475756 -0.054692111 0.0091554385 0.069553576 0.1291906 0.189818 0.2166346 0.21523926 0.21547745 0.21966349 0.223916 0.2299741 0.22949153 0.21976976 0.19651366 0.15196979 -0.011259802 -0.075452928 -0.13964605 -0.20383918 -0.26803231 -0.33222543 -0.39641856 -0.46061168 -0.52480481 -0.58899794 -0.65319106 -0.71738419 -0.78157731 -0.78005285 -0.77601883 -0.7719848 -0.76795078 -0.76391675 -0.75988273 -0.7558487 -0.75181468 -0.74778066 -0.74374663
-9999 -9999 -9999 -9999 -9999 -9999 -9999 -9999 -9999 -9999 -9999 -9999 -9999 -9999 -9999 -9999 -9999 -9999 -9999 -9999 -9999 -9999 -9999 -9999 -9999 -9999 -9999 -0.40044586 -0.30911559 -0.21778531 -0.13881244 -0.069674821 -0.0058272711 0.053986077 0.1136231 0.17460933 0.22076893 0.21937358 0.2215928 0.22587996 0.23193805 0.23677381 0.23424083 0.23129125 0.20803514 0.18477904 0.16152293 -0.027269572 -0.12688022 -0.19107335 -0.25526648 -0.3194596 -0.38365273 -0.44784585 -0.51203898 -0.57623211 -0.64042523 -0.70461836 -0.76881148 -0.8035184 -0.79948437 -0.79545035 -0.79141633 -0.7873823 -0.78334828 -0.77931425 -0.77528023 -0.7712462 -0.76721218
-9999 -9999 -9999 -9999 -9999 -9999 -9999 -9999 -9999 -9999 -9999 -9999 -9999 -9999 -9999 -9999 -9999 -9999 -9999 -9999 -9999 -9999 -9999 -9999 -9999 -9999 -9999 -9999 -0.32264756 -0.23131728 -0.15286732 -0.084657531 -0.021218446 0.038418578 0.09812406 0.15940066 0.22067725 0.22352211 0.22784392 0.23390201 0.2399601 0.2415231 0.23899012 0.23645714 0.21955663 0.19630053 0.17304442 0.14978832 0.084537832 -0.17830752 -0.24250065 -0.30669377 -0.3708869 -0.43508002 -0.49927315 -0.56346628 -0.6276594 -0.69185253 -0.75604565 -0.82023878 -0.82294992 -0.8189159 -0.81488187 -0.81084785 -0.80681382 -0.8027798 -0.79874577 -0.79471175 -0.79067772
-9999 -9999 -9999 -9999 -9999 -9999 -9999 -9999 -9999 -9999 -9999 -9999 -9999 -9999 -9999 -9999 -9999 -9999 -9999 -9999 -9999 -9999 -9999 -9999 -9999 -9999 -9999 -9999 -0.33617953 -0.24484926 -0.16692221 -0.09964024 -0.036785945 0.022851079 0.082915386 0.14419198 0.20546858 0.22980788 0.23586597 0.24192406 0.24798215 0.24627239 0.24373941 0.24120643 0.23107812 0.20782201 0.18456591 0.1613098 0.1380537 0.11479759 -0.094701534 -0.29392794 -0.35812107 -0.42231419 -0.48650732 -0.55070045 -0.61489357 -0.6790867 -0.74327982 -0.80747295 -0.84641547 -0.84238144 -0.83834742 -0.83431339 -0.83027937 -0.82624534 -0.82221132 -0.81817729 -0.81414327
-9999 -9999 -9999 -9999 -9999 -9999 -9999 -9999 -9999 -9999 -9999 -9999 -9999 -9999 -9999 -9999 -9999 -9999 -9999 -9999 -9999 -9999 -9999 -9999 -9999 -9999 -9999 -9999 -0.34971151 -0.25838123 -0.18097709 -0.11462295 -0.052353444 0.0072835798 0.067706712 0.12898331 0.1902599 0.23782993 0.24388802 0.24994611 0.25355467 0.25102169 0.2484887 0.24635629 0.24619698 0.23218051 0.1960874 0.17283129 0.14957519 0.12631908 0.10306298 0.01710587 -0.2739409 -0.40954836 -0.47374149 -0.53793462 -0.60212774 -0.66632087 -0.73051399 -0.79470712 -0.85890025 -0.86584699 -0.86181296 -0.85777894 -0.85374492 -0.84971089 -0.84567687 -0.84164284 -0.83760882
