Ground Level.asc
NCOLS 300
NROWS 300
XLLCORNER 415890
YLLCORNER 92774.4
DX 0.6
DY 0.33333
NODATA_VALUE -9999
[rows 155 to 185 of 300, columns 138 to 206 of 300]
-9999 -9999 -9999 -9999 -9999 -9999 -9999 -9999 -9999 -9999 -9999 -9999 -9999 -9999 -9999 -9999 -9999 -9999 -9999 -9999 -9999 -9999 -9999 -9999 -9999 -9999 -9999 -9999 -0.36324348 -0.27191321 -0.19503197 -0.12960566 -0.067920943 -0.0082839193 0.052498039 0.11377463 0.18089138 0.24585198 0.25191007 0.25796816 0.25830396 0.25577098 0.25371018 0.25270345 0.25448815 0.24535748 0.23305724 0.20715153 0.16109667 0.13784057 0.11458446 0.091328358 0.068072253 -0.1621335 -0.45318027 -0.52516879 -0.58936191 -0.65355504 -0.71774816 -0.78194129 -0.84613442 -0.88931254 -0.88527851 -0.88124449 -0.87721046 -0.87317644 -0.86914241 -0.86510839 -0.86107436
-9999 -9999 -9999 -9999 -9999 -9999 -9999 -9999 -9999 -9999 -9999 -9999 -9999 -9999 -9999 -9999 -9999 -9999 -9999 -9999 -9999 -9999 -9999 -9999 -9999 -9999 -9999 -9999 -0.37677546 -0.28544518 -0.20908686 -0.14458837 -0.083488442 -0.023851418 0.037289365 0.098565961 0.21844351 0.25259693 0.25993212 0.26558623 0.26305325 0.26106407 0.25998159 0.2600216 0.2618063 0.25681822 0.24451798 0.23221774 0.21388991 0.17625711 0.12610595 0.10284985 0.079593741 0.056337636 -0.050326092 -0.34137286 -0.57659608 -0.64078921 -0.70498234 -0.76917546 -0.83336859 -0.89756171 -0.90874406 -0.90471003 -0.90067601 -0.89664198 -0.89260796 -0.88857393 -0.88453991
-9999 -9999 -9999 -9999 -9999 -9999 -9999 -9999 -9999 -9999 -9999 -9999 -9999 -9999 -9999 -9999 -9999 -9999 -9999 -9999 -9999 -9999 -9999 -9999 -9999 -9999 -9999 -9999 -0.39030743 -0.29897716 -0.22341863 -0.15957108 -0.099055941 -0.039195905 0.022080691 0.083357287 0.24830644 0.25919752 0.26795417 0.27033553 0.26841796 0.26733548 0.26625301 0.26733975 0.26912445 0.26827896 0.25597872 0.24367848 0.23137824 0.2185736 0.1909156 0.14536269 0.091115229 0.067859123 0.044603018 0.021346913 -0.22956546 -0.52061223 -0.69221651 -0.75640963 -0.82060276 -0.88479588 -0.9322096 -0.92817558 -0.92414155 -0.92010753 -0.91607351 -0.91203948 -0.90800546
-9999 -9999 -9999 -9999 -9999 -9999 -9999 -9999 -9999 -9999 -9999 -9999 -9999 -9999 -9999 -9999 -9999 -9999 -9999 -9999 -9999 -9999 -9999 -9999 -9999 -9999 -9999 -9999 -0.40383941 -0.3127349 -0.23840134 -0.17455379 -0.11462344 -0.054404578 0.0068720174 0.07527929 0.25490703 0.26579812 0.27597622 0.27577185 0.27468937 0.2736069 0.2728732 0.2746579 0.2764426 0.27822731 0.26743946 0.25513922 0.24283898 0.23053874 0.21823849 0.1955993 0.1679413 0.11446827 0.058808696 0.032868401 0.0096122957 -0.11775805 -0.40880482 -0.6998516 -0.80783693 -0.87203005 -0.93622318 -0.95164113 -0.9476071 -0.94357308 -0.93953905 -0.93550503 -0.931471
-9999 -9999 -9999 -9999 -9999 -9999 -9999 -9999 -9999 -9999 -9999 -9999 -9999 -9999 -9999 -9999 -9999 -9999 -9999 -9999 -9999 -9999 -9999 -9999 -9999 -9999 -9999 -9999 -0.41737138 -0.32678978 -0.25338405 -0.18982796 -0.13019094 -0.069613252 -0.0083366564 0.11283143 0.26150762 0.27239871 0.28223928 0.28204326 0.28096079 0.27987831 0.28019135 0.28197605 0.28376075 0.27910517 0.27556442 0.26659996 0.25429972 0.24199948 0.22969923 0.21739899 0.20028299 0.17262499 0.13923342 0.083573849 0.027914275 -0.0021223217 -0.025378427 -0.29699742 -0.58804419 -0.85926422 -0.92345735 -0.97510667 -0.97107265 -0.96703862 -0.9630046 -0.95897057 -0.95493655
-9999 -9999 -9999 -9999 -9999 -9999 -9999 -9999 -9999 -9999 -9999 -9999 -9999 -9999 -9999 -9999 -9999 -9999 -9999 -9999 -9999 -9999 -9999 -9999 -9999 -9999 -9999 -9999 -0.43090336 -0.34084467 -0.26836676 -0.20539546 -0.14575844 -0.084821926 -0.02354533 0.15038356 0.26810822 0.27899931 0.28673213 0.28831468 0.2872322 0.28614973 0.2875095 0.2892942 0.28476658 0.27619515 0.27000892 0.27000892 0.26460891 0.25337397 0.24115998 0.22885973 0.21655949 0.20425925 0.17730869 0.14965069 0.108339 0.052679428 -0.0029801466 -0.037113044 -0.18519002 -0.47623679 -0.76728356 -0.97488465 -0.99453819 -0.99050417 -0.98474482 -0.9751347 -0.96552458
-9999 -9999 -9999 -9999 -9999 -9999 -9999 -9999 -9999 -9999 -9999 -9999 -9999 -9999 -9999 -9999 -9999 -9999 -9999 -9999 -9999 -9999 -9999 -9999 -9999 -9999 -9999 -9999 -0.44443533 -0.35489955 -0.28334947 -0.22096296 -0.1613072 -0.1000306 -0.030332795 0.1879357 0.27470881 0.2855999 0.29122499 0.29458609 0.29350362 0.29304295 0.29482765 0.29042798 0.28185655 0.27328512 0.26471369 0.26445342 0.26445342 0.26094219 0.25188815 0.24011672 0.22802023 0.21571999 0.20341975 0.18199238 0.15433438 0.12667639 0.077444581 0.021785007 -0.033874568 -0.073382612 -0.36442938 -0.65547615 -1.0001789 -0.98692929 -0.97581232 -0.96608259 -0.95635287
-9999 -9999 -9999 -9999 -9999 -9999 -9999 -9999 -9999 -9999 -9999 -9999 -9999 -9999 -9999 -9999 -9999 -9999 -9999 -9999 -9999 -9999 -9999 -9999 -9999 -9999 -9999 -9999 -0.45796731 -0.36895443 -0.29833218 -0.23653046 -0.17651587 -0.11523927 0.0072193409 0.22548783 0.28130941 0.29185263 0.29571784 0.29958305 0.29977503 0.3003611 0.29608938 0.28751796 0.27894653 0.2703751 0.26180367 0.25889792 0.25889792 0.25889792 0.25727548 0.24877548 0.2386309 0.22685948 0.21488049 0.20258025 0.18667607 0.15901808 0.13136008 0.10220973 0.04655016 -0.0091094147 -0.071287282 -0.41819084 -0.86235751 -0.97409316 -0.96531267 -0.95077548 -0.93462163
-9999 -9999 -9999 -9999 -9999 -9999 -9999 -9999 -9999 -9999 -9999 -9999 -9999 -9999 -9999 -9999 -9999 -9999 -9999 -9999 -9999 -9999 -9999 -9999 -9999 -9999 -9999 -9999 -0.47149928 -0.38300932 -0.31331489 -0.25209796 -0.19172454 -0.13044795 0.044771477 0.26303997 0.28791 0.29634548 0.30021069 0.3040759 0.30604645 0.30175079 0.29317936 0.28460793 0.2760365 0.26746508 0.25889365 0.25334242 0.25334242 0.25334242 0.25334242 0.25334242 0.24510876 0.23660876 0.22537366 0.21360223 0.20174075 0.1894405 0.16370177 0.13604378 0.10838578 0.044754583 -0.091078751 -0.22691208 -0.65090129 -0.9493683 -0.94800739 -0.9392269 -0.93044641
-9999 -9999 -9999 -9999 -9999 -9999 -9999 -9999 -9999 -9999 -9999 -9999 -9999 -9999 -9999 -9999 -9999 -9999 -9999 -9999 -9999 -9999 -9999 -9999 -9999 -9999 -9999 -9999 -0.48503126 -0.3970642 -0.3282976 -0.26766546 -0.20693322 -0.13594488 0.082323613 0.2836195 0.29451059 0.30083833 0.30470354 0.30856876 0.31036297 0.30179154 0.29322012 0.28464869 0.27607726 0.26750583 0.2589344 0.25661564 0.24778692 0.24778692 0.24778692 0.24778692 0.24778692 0.24144205 0.23294205 0.22388784 0.21211641 0.20034498 0.18857356 0.16838546 0.11310847 0.0021825396 -0.11087022 -0.24670355 -0.43944507 -0.88361173 -0.92762256 -0.92192162 -0.91314113
-9999 -9999 -9999 -9999 -9999 -9999 -9999 -9999 -9999 -9999 -9999 -9999 -9999 -9999 -9999 -9999 -9999 -9999 -9999 -9999 -9999 -9999 -9999 -9999 -9999 -9999 -9999 -9999 -0.49856323 -0.41111908 -0.34328031 -0.28323296 -0.22214189 -0.098392745 0.11987575 0.2902201 0.30111119 0.30533118 0.3091964 0.31281407 0.31263656 0.30628885 0.29771742 0.289146 0.28057457 0.27200314 0.26272487 0.26996116 0.26662072 0.25531435 0.24634528 0.24223142 0.24223142 0.24223142 0.23777533 0.22927533 0.22077533 0.2106306 0.19885917 0.18364909 0.071149654 -0.048742877 -0.1596688 -0.27059473 -0.40232835 -0.67215552 -0.89791764 -0.90461633 -0.89583584
-9999 -9999 -9999 -9999 -9999 -9999 -9999 -9999 -9999 -9999 -9999 -9999 -9999 -9999 -9999 -9999 -9999 -9999 -9999 -9999 -9999 -9999 -9999 -9999 -9999 -9999 -9999 -9999 -0.51209521 -0.42517397 -0.35843748 -0.29862716 -0.23735056 -0.060840609 0.15742788 0.29682069 0.30595882 0.30982404 0.31368925 0.31472069 0.31454318 0.31078616 0.30221473 0.29364331 0.28507188 0.27580955 0.2660568 0.2822999 0.28797716 0.27662581 0.26527446 0.25507363 0.24610455 0.23713548 0.23667592 0.23410862 0.22560862 0.21710862 0.20382209 0.18451413 0.08831832 -0.052569302 -0.19345692 -0.32152015 -0.43244607 -0.55795316 -0.86821272 -0.87617191 -0.87853056
-9999 -9999 -9999 -9999 -9999 -9999 -9999 -9999 -9999 -9999 -9999 -9999 -9999 -9999 -9999 -9999 -9999 -9999 -9999 -9999 -9999 -9999 -9999 -9999 -9999 -9999 -9999 -9999 -0.52562718 -0.43922885 -0.37400498 -0.31383583 -0.24155697 -0.023288473 0.19498002 0.30342129 0.31045167 0.31431689 0.31680483 0.31662731 0.3164498 0.31528347 0.30671204 0.29814062 0.28889423 0.27903236 0.27839554 0.29463863 0.3093336 0.29798225 0.28663089 0.27527954 0.26392819 0.2548329 0.24586383 0.23689476 0.2304419 0.21860862 0.20468713 0.18537917 0.10548699 -0.035400635 -0.17628826 -0.31717588 -0.4580635 -0.59429741 -0.71357796 -0.84646699 -0.85442617
-9999 -9999 -9999 -9999 -9999 -9999 -9999 -9999 -9999 -9999 -9999 -9999 -9999 -9999 -9999 -9999 -9999 -9999 -9999 -9999 -9999 -9999 -9999 -9999 -9999 -9999 -9999 -9999 -0.53915916 -0.45328373 -0.38957248 -0.32904451 -0.20400483 0.014263663 0.23253216 0.31002188 0.31494453 0.31880974 0.31871145 0.31853393 0.31835642 0.3181789 0.31120935 0.30197892 0.29211704 0.28225516 0.29073427 0.30697737 0.32322046 0.31933868 0.30798733 0.29663598 0.28528463 0.27393328 0.26356124 0.25459217 0.2364063 0.21816492 0.20438788 0.18624422 0.12265565 -0.018231969 -0.15911959 -0.30000721 -0.44089484 -0.58178246 -0.72267008 -0.601011 -0.31195117
-9999 -9999 -9999 -9999 -9999 -9999 -9999 -9999 -9999 -9999 -9999 -9999 -9999 -9999 -9999 -9999 -9999 -9999 -9999 -9999 -9999 -9999 -9999 -9999 -9999 -9999 -9999 -9999 -0.55269113 -0.46733862 -0.40513998 -0.34425318 -0.16645269 0.051815799 0.27008429 0.31557217 0.31943738 0.32079558 0.32061807 0.32044056 0.32026304 0.32008553 0.3150636 0.30520172 0.29533984 0.28682991 0.30307301 0.3193161 0.3355592 0.33159037 0.31797435 0.306623 0.29527165 0.28392029 0.27256894 0.26307294 0.23951221 0.21772122 0.20394418 0.18710926 0.13982432 -0.0010633021 -0.14195092 -0.28283855 -0.42372617 -0.56461379 -0.70550141 -0.040811998 0.11097713
-9999 -9999 -9999 -9999 -9999 -9999 -9999 -9999 -9999 -9999 -9999 -9999 -9999 -9999 -9999 -9999 -9999 -9999 -9999 -9999 -9999 -9999 -9999 -9999 -9999 -9999 -9999 -9999 -0.56622311 -0.4820414 -0.42070748 -0.34716905 -0.12890056 0.089367935 0.30763643 0.32006502 0.32287972 0.32270221 0.32252469 0.32234718 0.32170429 0.32 0.3182864 0.30842452 0.29856265 0.29916865 0.31541174 0.33165484 0.33369932 0.32044914 0.31439412 0.29813243 0.28187075 0.26716371 0.27404594 0.26601219 0.24261811 0.21905738 0.20350048 0.1879743 0.15699299 0.016105364 -0.12478226 -0.26566988 -0.4065575 -0.54744512 -0.54351869 0.22823981 0.23555471
-9999 -9999 -9999 -9999 -9999 -9999 -9999 -9999 -9999 -9999 -9999 -9999 -9999 -9999 -9999 -9999 -9999 -9999 -9999 -9999 -9999 -9999 -9999 -9999 -9999 -9999 -9999 -9999 -0.57975508 -0.49702411 -0.43594712 -0.30961692 -0.091348422 0.12692007 0.31893257 0.32455787 0.32478634 0.32460883 0.32434238 0.32247103 0.32059969 0.32 0.32 0.31164733 0.30178545 0.31150738 0.32775048 0.33001922 0.3281117 0.31397301 0.30198263 0.29719786 0.28093618 0.26919918 0.2905441 0.26886342 0.24572401 0.22216328 0.20305678 0.18883935 0.16953139 0.033274031 -0.10761359 -0.24850121 -0.38938884 -0.53027646 -0.14419836 0.23004858 0.24277113
-9999 -9999 -9999 -9999 -9999 -9999 -9999 -9999 -9999 -9999 -9999 -9999 -9999 -9999 -9999 -9999 -9999 -9999 -9999 -9999 -9999 -9999 -9999 -9999 -9999 -9999 -9999 -9999 -9999 -0.51200682 -0.4511558 -0.27206478 -0.053796286 0.16447221 0.32518551 0.32687048 0.32669296 0.32510912 0.32323777 0.32136643 0.32 0.32 0.32 0.31487013 0.30760302 0.32384612 0.32633912 0.3244316 0.32252409 0.30749689 0.28806524 0.28404463 0.28000161 0.2812558 0.29478344 0.27171466 0.24864588 0.22526918 0.20261308 0.18883604 0.17039643 0.050442697 -0.090444925 -0.23133255 -0.37222017 -0.51310779 0.21371781 0.23185734 0.24998755
-9999 -9999 -9999 -9999 -9999 -9999 -9999 -9999 -9999 -9999 -9999 -9999 -9999 -9999 -9999 -9999 -9999 -9999 -9999 -9999 -9999 -9999 -9999 -9999 -9999 -9999 -9999 -9999 -9999 -0.527047 -0.45278114 -0.23451264 -0.016244151 0.20202434 0.32895461 0.32774721 0.32587586 0.32400452 0.32213317 0.32026183 0.32 0.32 0.32 0.31809294 0.31994176 0.32265902 0.32075151 0.31884399 0.31606374 0.30102076 0.27873505 0.28505925 0.29203582 0.29747979 0.29763468 0.27456589 0.25149711 0.22837509 0.20481436 0.18839234 0.17126148 0.067611364 -0.073276258 -0.21416388 -0.3550515 -0.24758473 0.21552658 0.23366611 0.25662499
-9999 -9999 -9999 -9999 -9999 -9999 -9999 -9999 -9999 -9999 -9999 -9999 -9999 -9999 -9999 -9999 -9999 -9999 -9999 -9999 -9999 -9999 -9999 -9999 -9999 -9999 -9999 -9999 -9999 -0.5426145 -0.415229 -0.19696051 0.021307985 0.23025006 0.32851395 0.3266426 0.32477126 0.32289991 0.32102857 0.32 0.32 0.32 0.32 0.32 0.31897892 0.31707141 0.31516389 0.31325638 0.30888432 0.29454463 0.29133616 0.30125597 0.30409244 0.31397794 0.30048591 0.27741713 0.25434835 0.23127956 0.20792026 0.18794864 0.17212652 0.084780031 -0.056107592 -0.19699521 -0.33788284 0.1517356 0.21733534 0.23509866 0.26326142
-9999 -9999 -9999 -9999 -9999 -9999 -9999 -9999 -9999 -9999 -9999 -9999 -9999 -9999 -9999 -9999 -9999 -9999 -9999 -9999 -9999 -9999 -9999 -9999 -9999 -9999 -9999 -9999 -9999 -0.55805842 -0.37767687 -0.15940837 0.030527325 0.16621197 0.30189662 0.325538 0.32366666 0.32179531 0.32 0.32 0.32 0.32 0.31698067 0.31223696 0.31765963 0.31156826 0.30957628 0.30766877 0.30170491 0.29390559 0.30609486 0.31338867 0.31614905 0.32640593 0.30333715 0.28026836 0.25719958 0.2341308 0.21102616 0.18750494 0.17299156 0.1019487 -0.038938925 -0.17982655 -0.32071417 0.20100458 0.21914411 0.23611568 0.26989785
-9999 -9999 -9999 -9999 -9999 -9999 -9999 -9999 -9999 -9999 -9999 -9999 -9999 -9999 -9999 -9999 -9999 -9999 -9999 -9999 -9999 -9999 -9999 -9999 -9999 -9999 -9999 -9999 -9999 -0.55839322 -0.34012473 -0.16919541 -0.033510762 0.10217389 0.23785853 0.3244334 0.32256205 0.32069071 0.32 0.32 0.32 0.31058299 0.30252395 0.30719408 0.31889143 0.31461391 0.30852254 0.30243117 0.30057212 0.3070007 0.31535403 0.32552137 0.32820567 0.32925717 0.30618838 0.2831196 0.26005082 0.23698203 0.21391325 0.19057133 0.1732842 0.11911736 -0.021770259 -0.16265788 0.048349238 0.20281334 0.22019907 0.23713271 0.27653429
-9999 -9999 -9999 -9999 -9999 -9999 -9999 -9999 -9999 -9999 -9999 -9999 -9999 -9999 -9999 -9999 -9999 -9999 -9999 -9999 -9999 -9999 -9999 -9999 -9999 -9999 -9999 -9999 -9999 -0.52084109 -0.36891814 -0.2332335 -0.097548849 0.038135798 0.17382045 0.30950509 0.32145745 0.32 0.32 0.3143466 0.30418531 0.29402402 0.2941255 0.30215709 0.31410424 0.31761115 0.30777508 0.30550835 0.31657402 0.3200958 0.32652437 0.33765407 0.34026229 0.3321084 0.30903962 0.28597084 0.26290205 0.23983327 0.21676449 0.19367724 0.1728405 0.13628603 -0.004601592 -0.14548921 0.18648258 0.20428246 0.22121609 0.23814973 0.28317072
-9999 -9999 -9999 -9999 -9999 -9999 -9999 -9999 -9999 -9999 -9999 -9999 -9999 -9999 -9999 -9999 -9999 -9999 -9999 -9999 -9999 -9999 -9999 -9999 -9999 -9999 -9999 -9999 -9999 -0.5575181 -0.42814619 -0.29727158 -0.16158694 -0.025902289 0.10978236 0.24546701 0.32035285 0.3181102 0.30794891 0.29778762 0.28762633 0.28441249 0.28572704 0.2971201 0.30931706 0.30462867 0.30296831 0.32887581 0.33689584 0.3376008 0.33961948 0.34720569 0.35390994 0.33495964 0.31189085 0.28882207 0.26575329 0.24268451 0.21961572 0.19654694 0.17322241 0.1534547 0.012567075 -0.055037127 0.18829134 0.20529948 0.22223312 0.23916676 0.28980716
-9999 -9999 -9999 -9999 -9999 -9999 -9999 -9999 -9999 -9999 -9999 -9999 -9999 -9999 -9999 -9999 -9999 -9999 -9999 -9999 -9999 -9999 -9999 -9999 -9999 -9999 -9999 -9999 -9999 -0.56091336 -0.43567173 -0.31043009 -0.18359476 -0.053787063 0.076020629 0.20582832 0.31383287 0.30155123 0.29138994 0.28122865 0.27469948 0.27601403 0.27732859 0.29208312 0.30359707 0.29754639 0.32643746 0.35224328 0.35721766 0.35792262 0.35862758 0.35933254 0.36087966 0.33781087 0.31474209 0.29167331 0.26860452 0.24553574 0.22246696 0.19939817 0.17632831 0.15714378 0.029735741 0.17196058 0.18938287 0.20631651 0.22325014 0.24018378 0.29644359
-9999 -9999 -9999 -9999 -9999 -9999 -9999 -9999 -9999 -9999 -9999 -9999 -9999 -9999 -9999 -9999 -9999 -9999 -9999 -9999 -9999 -9999 -9999 -9999 -9999 -9999 -9999 -9999 -9999 -0.56430862 -0.43906698 -0.31382535 -0.18858371 -0.063342076 0.06189956 0.19076437 0.31158064 0.28499225 0.27483096 0.26498647 0.26630102 0.26761558 0.26893013 0.28704613 0.29197723 0.32572294 0.34990662 0.37561074 0.37753947 0.37824443 0.37894939 0.37965435 0.36581095 0.34561185 0.31759333 0.29452454 0.27145576 0.24838698 0.22531819 0.20224941 0.17918063 0.15773236 0.046904408 0.17346625 0.19039989 0.20733353 0.22426717 0.24120081 0.30308003
-9999 -9999 -9999 -9999 -9999 -9999 -9999 -9999 -9999 -9999 -9999 -9999 -9999 -9999 -9999 -9999 -9999 -9999 -9999 -9999 -9999 -9999 -9999 -9999 -9999 -9999 -9999 -9999 -9999 -0.56781709 -0.44246224 -0.3172206 -0.19197897 -0.066737333 0.058504303 0.18374594 0.31417407 0.27770679 0.25827199 0.25658801 0.25790257 0.25921712 0.26254248 0.28200914 0.31669688 0.3471632 0.37337577 0.39715633 0.39786129 0.39856625 0.39927121 0.38401236 0.3659607 0.35175154 0.335 0.31698967 0.28692857 0.25686747 0.22816943 0.20510065 0.18203186 0.15896308 0.15743858 0.17448328 0.19141692 0.20835056 0.2252842 0.24221783 0.30971646
-9999 -9999 -9999 -9999 -9999 -9999 -9999 -9999 -9999 -9999 -9999 -9999 -9999 -9999 -9999 -9999 -9999 -9999 -9999 -9999 -9999 -9999 -9999 -9999 -9999 -9999 -9999 -9999 -9999 -0.65607378 -0.4458575 -0.32061586 -0.19537423 -0.07013259 0.055109046 0.18035068 0.32817218 0.28857445 0.25280625 0.25 0.25 0.25081867 0.25870485 0.28916638 0.32996918 0.36857922 0.39684492 0.41747814 0.4181831 0.41888806 0.40338422 0.38533256 0.3672809 0.35476861 0.33769214 0.32061566 0.305 0.2883675 0.2583064 0.2282453 0.1981842 0.1681231 0.15856667 0.1755003 0.19243394 0.20936758 0.22630122 0.24323486 0.27247325
-9999 -9999 -9999 -9999 -9999 -9999 -9999 -9999 -9999 -9999 -9999 -9999 -9999 -9999 -9999 -9999 -9999 -9999 -9999 -9999 -9999 -9999 -9999 -9999 -9999 -9999 -9999 -9999 -9999 -9999 -0.44925275 -0.32401112 -0.19876948 -0.073527847 0.051713788 0.17695542 0.34217029 0.30394783 0.26297431 0.25454527 0.25 0.25055158 0.26588426 0.2963458 0.33431696 0.38580438 0.42031408 0.43779996 0.43850492 0.42275609 0.40470442 0.38665276 0.3686011 0.3562518 0.34070921 0.32363273 0.30655626 0.29 0.275 0.25974532 0.22968422 0.19962312 0.17111605 0.17635212 0.19379737 0.21060896 0.22742056 0.24425188 0.22503303
-9999 -9999 -9999 -9999 -9999 -9999 -9999 -9999 -9999 -9999 -9999 -9999 -9999 -9999 -9999 -9999 -9999 -9999 -9999 -9999 -9999 -9999 -9999 -9999 -9999 -9999 -9999 -9999 -9999 -9999 -0.45264801 -0.32740638 -0.20216474 -0.076923105 0.048318531 0.17356017 0.3561684 0.32297579 0.27697417 0.26541473 0.25628429 0.26200341 0.27488685 0.30352522 0.33866475 0.39015216 0.44163958 0.45812177 0.44212795 0.42407629 0.40602462 0.38797296 0.3699213 0.35513324 0.34372628 0.32664981 0.30957333 0.29249685 0.27542038 0.26 0.245 0.23 0.20106204 0.17922573 0.19349499 0.21221925 0.22903085 0.22962412 0.20031744
-9999 -9999 -9999 -9999 -9999 -9999 -9999 -9999 -9999 -9999 -9999 -9999 -9999 -9999 -9999 -9999 -9999 -9999 -9999 -9999 -9999 -9999 -9999 -9999 -9999 -9999 -9999 -9999 -9999 -9999 -0.45269225 -0.33080163 -0.20556 -0.080318362 0.044923274 0.17016491 0.37016651 0.34200376 0.29222174 0.27628418 0.36986352 0.27964193 0.28633867 0.31042672 0.34301253 0.39449994 0.44598736 0.46149981 0.44344815 0.42539649 0.40734482 0.38929316 0.3712415 0.35401468 0.34663824 0.32966688 0.3125904 0.29551393 0.27843745 0.26136097 0.245 0.23 0.215 0.20683719 0.19190771 0.21063786 0.225174 0.20023373 0.1718409
