Ground Level.asc
NCOLS 300
NROWS 300
XLLCORNER 415967
YLLCORNER 92781.9
DX 0.3
DY 0.16667
NODATA_VALUE -9999
[rows 58 to 86 of 300, columns 132 to 197 of 300]
-0.55509283 -0.61082314 -0.6429197 -0.67501626 -0.70711283 -0.73920939 -0.77130595 -0.80340252 -0.83549908 -0.86759564 -0.8996922 -0.9163418 -0.91432479 -0.91230777 -0.91029076 -0.90827375 -0.90625674 -0.90423972 -0.90222271 -0.9002057 -0.89818869 -0.89617167 -0.89415466 -0.89213765 -0.89012064 -0.88810362 -0.88608661 -0.8840696 -0.88205259 -0.88003558 -0.87801856 -0.87600155 -0.87398454 -0.87196753 -0.86995051 -0.8679335 -0.86591649 -0.86389948 -0.86188246 -0.85986545 -0.85784844 -0.85583143 -0.85381442 -0.8517974 -0.84978039 -0.84617767 -0.84137262 -0.83656756 -0.8317625 -0.82695744 -0.664493 -0.3506841 -0.16763309 -0.095215645 -0.026505968 0.042203709 0.0642312 0.060899875 0.057965092 0.05503031 0.046457131 0.0053701743 -0.005012396 -0.0081312079 -0.027949252 -0.056464104
-0.3536597 -0.49918309 -0.63653659 -0.66863316 -0.70072972 -0.73282628 -0.76492285 -0.79701941 -0.82911597 -0.86121253 -0.8933091 -0.92540566 -0.92605791 -0.9240409 -0.92202389 -0.92000687 -0.91798986 -0.91597285 -0.91395584 -0.91193882 -0.90992181 -0.9079048 -0.90588779 -0.90387077 -0.90185376 -0.89983675 -0.89781974 -0.89580273 -0.89378571 -0.8917687 -0.88975169 -0.88773468 -0.88571766 -0.88370065 -0.88168364 -0.87966663 -0.87764961 -0.8756326 -0.87361559 -0.87159858 -0.86958156 -0.86756455 -0.86294625 -0.85814119 -0.85333613 -0.84853108 -0.84372602 -0.83892096 -0.8341159 -0.741151 -0.2966787 -0.15289477 -0.08336975 -0.003815968 0.064893709 0.0920984 0.0908984 0.088383218 0.083871408 0.080936625 0.078001842 0.043052087 0.0055488713 0.0024300595 -0.0099620938 -0.038476945
-0.15222657 -0.29774996 -0.44327334 -0.58879673 -0.69434661 -0.72644318 -0.75853974 -0.7906363 -0.82273287 -0.85482943 -0.88692599 -0.91902255 -0.93779104 -0.93577402 -0.93375701 -0.93174 -0.92972299 -0.92770597 -0.92568896 -0.92367195 -0.92165494 -0.91963792 -0.91762091 -0.9156039 -0.91358689 -0.91156988 -0.90955286 -0.90753585 -0.90551884 -0.90350183 -0.90148481 -0.8994678 -0.89745079 -0.89543378 -0.89341676 -0.89139975 -0.88938274 -0.88736573 -0.88451988 -0.87971483 -0.87490977 -0.87010471 -0.86529965 -0.86049459 -0.85568954 -0.85088448 -0.84607942 -0.84469915 -0.77657057 -0.31019572 -0.13815646 -0.079209088 0.0027430829 0.087583709 0.1199656 0.1187656 0.1175656 0.1163656 0.11049599 0.10684294 0.10390816 0.080734 0.039647044 0.012991327 0.0080250646 -0.020489787
0.0048192336 -0.096316829 -0.24184021 -0.3873636 -0.53288698 -0.67841037 -0.75215663 -0.7842532 -0.81634976 -0.84844632 -0.88054289 -0.91263945 -0.94473601 -0.94750715 -0.94549014 -0.94347312 -0.94145611 -0.9394391 -0.93742209 -0.93540507 -0.93338806 -0.93137105 -0.92935404 -0.92733703 -0.92532001 -0.923303 -0.92128599 -0.91926898 -0.91725196 -0.91523495 -0.91321794 -0.91120093 -0.90918391 -0.9071669 -0.90514989 -0.90128846 -0.8964834 -0.89167834 -0.88687328 -0.88206823 -0.87726317 -0.87245811 -0.86765305 -0.86284799 -0.85804294 -0.85323788 -0.85854669 -0.75323172 -0.40875857 -0.14683902 -0.064470772 -0.0036440838 0.088855916 0.14515396 0.1466328 0.1454328 0.1442328 0.1430328 0.13854936 0.13274926 0.12981447 0.11841591 0.077328957 0.036242 0.020433782 -0.0025026285
0.01058015 -0.0010479022 -0.040407084 -0.18593047 -0.33145385 -0.47697724 -0.62250063 -0.76802401 -0.80996665 -0.84206322 -0.87415978 -0.90625634 -0.9383529 -0.95924027 -0.95722326 -0.95520625 -0.95318924 -0.95117222 -0.94915521 -0.9471382 -0.94512119 -0.94310418 -0.94108716 -0.93907015 -0.93705314 -0.93503613 -0.93301911 -0.9310021 -0.92898509 -0.92696808 -0.92495106 -0.92286209 -0.91805703 -0.91325198 -0.90844692 -0.90364186 -0.8988368 -0.89403174 -0.88922669 -0.88442163 -0.87961657 -0.87481151 -0.87000645 -0.8652014 -0.86039634 -0.86596528 -0.72989286 -0.47703572 -0.19895909 -0.089868182 0.009214912 0.08246875 0.12989674 0.14880978 0.1733 0.1721 0.1709 0.1697 0.16660272 0.16066213 0.15572079 0.15278601 0.11501087 0.073923913 0.032836957 0.01548453
0.016341067 0.0047130145 -0.0069150381 -0.018543091 -0.13002072 -0.27554411 -0.42106749 -0.56659088 -0.71211427 -0.83568011 -0.86777667 -0.89987324 -0.9319698 -0.96406636 -0.96895639 -0.96693937 -0.96492236 -0.96290535 -0.96088834 -0.95887133 -0.95685431 -0.9548373 -0.95282029 -0.95080328 -0.94878626 -0.94676925 -0.94475224 -0.94273523 -0.93963067 -0.93482561 -0.93002055 -0.92521549 -0.92041044 -0.91560538 -0.91080032 -0.90599526 -0.9011902 -0.89638515 -0.89158009 -0.88677503 -0.88196997 -0.87716491 -0.87235986 -0.8675548 -0.84246733 -0.67246733 -0.4479735 -0.25107916 -0.14198826 -0.032897346 0.076193563 0.11533161 0.13424465 0.1531577 0.17635691 0.1987672 0.1975672 0.1963672 0.19465609 0.1887155 0.1827749 0.17869232 0.15269278 0.11160583 0.07051887 0.033110459
0.043562513 0.015732726 -0.0011541214 -0.012782174 -0.024410227 -0.074110979 -0.21963436 -0.36515775 -0.51068114 -0.65620452 -0.80172791 -0.89349013 -0.92558669 -0.95768326 -0.98068951 -0.9786725 -0.97665549 -0.97463848 -0.97262146 -0.97060445 -0.96858744 -0.96657043 -0.96455341 -0.9625364 -0.96051939 -0.95639924 -0.95159418 -0.94678913 -0.94198407 -0.93717901 -0.93237395 -0.92756889 -0.92276384 -0.91795878 -0.91315372 -0.90834866 -0.9035436 -0.89873855 -0.89393349 -0.88912843 -0.88432337 -0.87946178 -0.87459692 -0.768018 -0.598018 -0.4046345 -0.2448925 -0.16706963 -0.057978719 0.05111219 0.11049265 0.11967952 0.13859257 0.15750561 0.17780622 0.20611057 0.2242344 0.2230344 0.2218344 0.21676886 0.21082827 0.20488767 0.1903747 0.14928774 0.098224414 0.022913049
0.083776083 0.055946296 0.028116509 0.00028672152 -0.01864931 -0.030277362 -0.041905415 -0.16372462 -0.309248 -0.45477139 -0.60029478 -0.74581816 -0.89134155 -0.95130015 -0.98339671 -0.99040562 -0.98838861 -0.9863716 -0.98435459 -0.98233758 -0.98032056 -0.97797288 -0.97316782 -0.96836276 -0.9635577 -0.95875264 -0.95394759 -0.94914253 -0.94433747 -0.93953241 -0.93472735 -0.92991227 -0.92504741 -0.92018254 -0.91531768 -0.91045281 -0.90558795 -0.90072308 -0.89585822 -0.89099335 -0.88612849 -0.88126362 -0.75118338 -0.53082971 -0.35356867 -0.2015575 -0.15381982 -0.075925079 0.028992718 0.097077153 0.12781973 0.14447285 0.14294048 0.16185352 0.18076657 0.20755987 0.23586422 0.2497016 0.2485016 0.24482223 0.23888163 0.23294104 0.22757017 0.17039776 0.069962979 0.0060648859
0.12398965 0.096159866 0.068330079 0.040500292 0.012670504 -0.015159283 -0.036144498 -0.047772551 -0.10781487 -0.25333826 -0.39886165 -0.54438503 -0.68990842 -0.8354318 -0.97701361 -1.0021388 -1.0001217 -0.99810473 -0.99474145 -0.98993639 -0.98513134 -0.98032628 -0.97549789 -0.97063303 -0.96576816 -0.9609033 -0.95603843 -0.95117357 -0.9463087 -0.94144384 -0.93657897 -0.93171411 -0.92684924 -0.92198438 -0.91711951 -0.91225465 -0.90738978 -0.90252492 -0.89766005 -0.89279519 -0.88793032 -0.75784473 -0.50400684 -0.29673411 -0.1582225 -0.1182225 -0.056449448 0.021445289 0.083661658 0.11440423 0.14514681 0.17588938 0.1566022 0.16620143 0.18511448 0.20900917 0.23731352 0.26561787 0.2751688 0.27287559 0.266935 0.26099441 0.23514193 0.14213633 0.041701544 -0.010783277
0.14401811 0.13018912 0.10854365 0.080713862 0.052884075 0.025054287 -0.0027754998 -0.030605287 -0.053639687 -0.065267739 -0.19742851 -0.3429519 -0.48847529 -0.63399867 -0.77952206 -0.94112463 -1.0026897 -0.9967373 -0.99187243 -0.98700757 -0.9821427 -0.97727784 -0.97241297 -0.96754811 -0.96268324 -0.95781838 -0.95295351 -0.94808865 -0.94322378 -0.93835892 -0.93349405 -0.92862919 -0.92376432 -0.91889946 -0.91403459 -0.90916973 -0.90430486 -0.89944 -0.89457514 -0.88971027 -0.76450608 -0.49207365 -0.26991125 -0.13778105 -0.0748875 -0.0348875 0.040920921 0.077841019 0.099194529 0.13173131 0.16247389 0.19321646 0.18878106 0.17054935 0.18946239 0.21045848 0.23876283 0.26706717 0.29537152 0.300636 0.29498837 0.27706562 0.19974603 0.11387489 0.013440109 -0.02763144
0.16018944 0.14636044 0.13253145 0.11870245 0.093097645 0.065267858 0.03743807 0.0096082832 -0.018221504 -0.046051291 -0.071134875 -0.14151877 -0.28704216 -0.43256554 -0.61331001 -0.83539334 -0.99398759 -0.99069082 -0.98461275 -0.97653583 -0.9684589 -0.96286314 -0.95799827 -0.95313341 -0.94826854 -0.94340368 -0.93853881 -0.93367395 -0.92880908 -0.92394422 -0.91907935 -0.91421449 -0.90934962 -0.90448476 -0.89961989 -0.89475503 -0.88989016 -0.8850253 -0.88016043 -0.78885841 -0.50297606 -0.24308839 -0.14093726 -0.05891753 0.0022589409 0.060396552 0.080969294 0.093481142 0.10896276 0.14905839 0.17980097 0.21054354 0.22095993 0.20091042 0.1938103 0.21272335 0.24021213 0.26851648 0.29682083 0.32512517 0.31898931 0.24166972 0.16435013 0.085613457 -0.014821325 -0.044479603
0.17636077 0.16253177 0.14870278 0.13487378 0.12104478 0.10548143 0.077651641 0.049821853 0.021992066 -0.005837721 -0.033667508 -0.061497295 -0.088630064 -0.2854954 -0.50757873 -0.72966206 -0.9517454 -0.98203791 -0.97764767 -0.97325743 -0.96653579 -0.95845887 -0.95038194 -0.94230502 -0.9342281 -0.92898897 -0.92412411 -0.91925924 -0.91439438 -0.90952951 -0.90466465 -0.89979978 -0.89493492 -0.89007005 -0.88520519 -0.88034032 -0.87547546 -0.87102208 -0.81395124 -0.52806888 -0.21989923 -0.14409347 -0.056725053 0.015593764 0.076691615 0.084097569 0.096609417 0.10912127 0.1244449 0.15924437 0.19712804 0.22787062 0.25313879 0.23308928 0.21303978 0.21707126 0.24166143 0.26996578 0.29827013 0.32385602 0.28008371 0.20627383 0.12895424 0.05163465 -0.04308276 -0.061327766
0.1921469 0.1787031 0.1648741 0.15104511 0.13721611 0.12338711 0.10955812 0.090035424 0.062205636 0.034375849 0.006546062 -0.021283725 -0.087600758 -0.17976411 -0.40184745 -0.62393078 -0.84601411 -0.96826137 -0.96899477 -0.96460452 -0.96021428 -0.95582404 -0.94845883 -0.9403819 -0.93230498 -0.92422806 -0.91615113 -0.90807421 -0.89999729 -0.89511481 -0.89024995 -0.88538508 -0.88052022 -0.87565535 -0.87079049 -0.86592562 -0.86384254 -0.82453588 -0.51078294 -0.19989778 -0.14738133 -0.059881325 0.027487158 0.090025308 0.094640692 0.099737692 0.11224954 0.12476139 0.13992704 0.16766038 0.2108782 0.2451977 0.27594027 0.26526814 0.24521864 0.22516913 0.24311074 0.27141509 0.29171007 0.27240572 0.22905176 0.16039196 0.09173217 0.016238753 -0.066762886 -0.075534875
0.19787744 0.19172732 0.18104543 0.16721643 0.15338744 0.13955844 0.12572944 0.11190045 0.098071452 0.074589419 0.038336544 -0.029580123 -0.09749679 -0.16541346 -0.29611617 -0.5181995 -0.74028283 -0.95340847 -0.95738806 -0.95595162 -0.95156138 -0.94717113 -0.94278089 -0.93839065 -0.93038187 -0.92230494 -0.91422802 -0.9061511 -0.89807417 -0.88999725 -0.88192033 -0.8738434 -0.86610551 -0.86124065 -0.85637578 -0.85680952 -0.81786263 -0.49536263 -0.17989633 -0.12739633 -0.063212975 0.024287025 0.103359 0.10797438 0.11258977 0.11720515 0.12788966 0.14040151 0.15540918 0.17607639 0.21929421 0.26251203 0.29326735 0.29744701 0.2773975 0.257348 0.24468013 0.25956411 0.24025976 0.22095541 0.17254133 0.10936002 0.040700222 -0.027959572 -0.079225339 -0.074939625
0.20344555 0.19745787 0.19130774 0.18338776 0.16955876 0.15572977 0.14190077 0.12807178 0.11424278 0.086475425 0.028440512 -0.039476154 -0.10739282 -0.17530949 -0.24322615 -0.41246822 -0.63455155 -0.85663489 -0.94253515 -0.94651474 -0.94290848 -0.93851823 -0.93412799 -0.92973774 -0.9253475 -0.92038183 -0.9123049 -0.90422798 -0.89615106 -0.88807413 -0.87999721 -0.87192029 -0.86384337 -0.85576644 -0.85014283 -0.81118938 -0.48868938 -0.19100721 -0.10739488 -0.054894875 0.020955375 0.10835783 0.12130808 0.12592346 0.13053885 0.13515423 0.14352979 0.15604164 0.17089133 0.18994346 0.22771022 0.27092804 0.31059443 0.32962587 0.30957636 0.28952686 0.24261924 0.2081138 0.18880946 0.16381554 0.1152938 0.058328067 -0.010331726 -0.069918848 -0.076323343 -0.074344375
0.20858851 0.2027028 0.19681708 0.19088817 0.18473804 0.17190109 0.1580721 0.1442431 0.11647492 0.061011952 0.0055489894 -0.049913974 -0.11728885 -0.18520552 -0.25312219 -0.32103885 -0.52882027 -0.7509036 -0.92768225 -0.93166184 -0.93425557 -0.92986533 -0.92547509 -0.92108484 -0.9166946 -0.91230435 -0.90791411 -0.90230487 -0.89422794 -0.88615102 -0.8780741 -0.86999717 -0.86192025 -0.85600196 -0.81181976 -0.52845315 -0.23374727 -0.11672597 -0.034907791 0.017623725 0.10502483 0.12525108 0.14406196 0.14387254 0.14848792 0.15310331 0.15916991 0.17168176 0.18637347 0.2054256 0.23612623 0.27934405 0.32256188 0.35866408 0.34175522 0.30553952 0.19113094 0.1566635 0.13735915 0.10656802 0.058046283 0.0072961189 -0.059207152 -0.065611646 -0.07201614 -0.073749125
0.21373147 0.20784576 0.20196004 0.19607433 0.19018862 0.1843029 0.17424343 0.14647441 0.091011443 0.03554848 -0.019914483 -0.075377446 -0.13084041 -0.19510155 -0.26301822 -0.33093488 -0.42308899 -0.64517232 -0.86725566 -0.91680894 -0.92078853 -0.92121243 -0.91682218 -0.91243194 -0.9080417 -0.90365145 -0.89926121 -0.89487096 -0.89048072 -0.8842279 -0.87615098 -0.86807406 -0.86208644 -0.79194792 -0.545436 -0.27648732 -0.13581563 -0.053997446 0.027820736 0.10169184 0.12191808 0.14214433 0.16237057 0.16475625 0.166437 0.17105238 0.17566777 0.18732188 0.20185561 0.22090774 0.24454224 0.28776006 0.33097789 0.37419571 0.3684598 0.25216767 0.14710832 0.1052132 0.085908848 0.0493205 0.00079876107 -0.047722978 -0.054899949 -0.061304444 -0.067708938 -0.073153875
0.21887032 0.21298872 0.207103 0.20121729 0.19533158 0.18944586 0.18182591 0.125602 0.065547971 0.010085008 -0.045377955 -0.10084092 -0.15630388 -0.21176684 -0.27291425 -0.34083091 -0.40874758 -0.53944104 -0.76152438 -0.90195603 -0.90593562 -0.90991521 -0.90816928 -0.90377904 -0.89938879 -0.89499855 -0.8906083 -0.88621806 -0.88182782 -0.87743757 -0.87304733 -0.86791981 -0.77207608 -0.53327608 -0.278764 -0.14653812 -0.0647286 0.017089582 0.098907763 0.11858509 0.13881133 0.15903757 0.17926382 0.18843696 0.18545054 0.18900146 0.19361685 0.202962 0.21733775 0.23638989 0.25544202 0.29617607 0.3393939 0.38261172 0.31508795 0.19879582 0.1030857 0.059716136 0.034458543 -0.0079270215 -0.053459119 -0.050255167 -0.054270511 -0.058652534 -0.063401736 -0.06980623
0.22128703 0.21703703 0.21224596 0.20636025 0.20047454 0.19191243 0.18225845 0.13418659 0.063742776 -0.0067010348 -0.070841427 -0.12630439 -0.18176735 -0.23723032 -0.29269328 -0.35072695 -0.41864361 -0.48656028 -0.65579309 -0.87787643 -0.89108272 -0.89506231 -0.8990419 -0.89512613 -0.89073589 -0.88634565 -0.8819554 -0.87756516 -0.87317491 -0.86878467 -0.75685151 -0.75220424 -0.51340424 -0.267092 -0.12358247 -0.061408216 0.014666927 0.096485109 0.11955546 0.13187447 0.15570458 0.17593082 0.19615707 0.21211768 0.20913125 0.20695054 0.21156592 0.21860213 0.2328199 0.25187203 0.27092416 0.30459208 0.34780991 0.31190643 0.2603334 0.14542396 0.059063082 0.015693516 -0.016991761 -0.056379738 -0.052665452 -0.051048833 -0.05483232 -0.059214343 -0.063596365 -0.067978388
0.22370375 0.21945375 0.21520375 0.21095375 0.20199894 0.19234496 0.18269098 0.14277118 0.072327367 0.001883556 -0.068560255 -0.13900407 -0.20723083 -0.26269379 -0.31815675 -0.37361971 -0.42908268 -0.49645631 -0.56437298 -0.77214515 -0.87622981 -0.8802094 -0.884189 -0.88647323 -0.88208299 -0.87769274 -0.8733025 -0.86891226 -0.82506756 -0.64421343 -0.61531291 -0.52355429 -0.2547324 -0.097086595 -0.040893692 0.023721692 0.094062454 0.12495183 0.13638748 0.14782312 0.17039659 0.19282407 0.21305032 0.23327656 0.23281197 0.22982554 0.229515 0.23424225 0.24830204 0.26735417 0.2864063 0.31300809 0.28763525 0.23606222 0.18448919 0.092052107 0.015040462 -0.028329103 -0.059300357 -0.055586071 -0.051871786 -0.0518425 -0.055556786 -0.059776152 -0.064158174 -0.063305109
0.22612046 0.22187046 0.21762046 0.2109037 0.20243147 0.1927775 0.18312352 0.15135577 0.080911958 0.010468147 -0.059975664 -0.13041948 -0.20086329 -0.2713071 -0.34175091 -0.39908319 -0.45454615 -0.51000911 -0.57426901 -0.66641386 -0.86137691 -0.8653565 -0.86933609 -0.87331568 -0.87343009 -0.86903984 -0.8646496 -0.74269784 -0.55606993 -0.50267482 -0.4737743 -0.30767695 -0.070590716 -0.015763129 0.044236215 0.1088516 0.12816583 0.14178385 0.1532195 0.16465514 0.18299112 0.20891872 0.22994357 0.25016981 0.25649268 0.25350626 0.25051983 0.25207946 0.26378418 0.28283631 0.30188845 0.27485017 0.21224148 0.16021801 0.10864497 0.038680253 -0.028982157 -0.056047027 -0.057486815 -0.054792405 -0.051078119 -0.052636167 -0.056350452 -0.060337961 -0.060370196 -0.056783239
0.22853718 0.22428718 0.21757036 0.21068184 0.20286401 0.19321003 0.18355605 0.15994036 0.089496549 0.019052738 -0.051391074 -0.12183488 -0.1922787 -0.26272251 -0.33316632 -0.40361013 -0.47405394 -0.53547258 -0.59093555 -0.65208171 -0.78276592 -0.8505036 -0.85448319 -0.85846278 -0.86244237 -0.84695602 -0.66032812 -0.47370021 -0.39003674 -0.36113621 -0.33223569 -0.091799621 0.01073275 0.065560336 0.12936612 0.14143724 0.14313289 0.15861587 0.17005151 0.18148716 0.19558564 0.22151324 0.24683681 0.26706306 0.2801734 0.27718697 0.27420055 0.27121412 0.27926632 0.29581995 0.25763814 0.21945632 0.16296513 0.10035644 0.037747739 -0.018772275 -0.052061473 -0.053691908 -0.055052309 -0.053998738 -0.050284452 -0.053429833 -0.057144119 -0.058311761 -0.053848326 -0.05026137
0.23164655 0.22423702 0.21734851 0.21045999 0.20329654 0.19364256 0.18398859 0.16852495 0.098081139 0.027637328 -0.042806483 -0.11325029 -0.1836941 -0.25413792 -0.32458173 -0.39502554 -0.46546935 -0.53591316 -0.60635697 -0.67186198 -0.7298944 -0.83565069 -0.83963028 -0.84360987 -0.724517 -0.5779584 -0.39133049 -0.27739865 -0.24849813 -0.21959761 -0.21020906 0.052589882 0.095531059 0.14988065 0.15495928 0.15665493 0.15835059 0.16838357 0.18688353 0.19831918 0.20975482 0.23410776 0.26003536 0.28395631 0.30385411 0.30086769 0.29788126 0.29489484 0.27809872 0.23975823 0.20157641 0.16339459 0.11368878 0.051080087 -0.011528608 -0.045338571 -0.049706353 -0.051336788 -0.052617803 -0.053205071 -0.050509214 -0.0542235 -0.055494145 -0.055221418 -0.049942152 -0.0437465
0.23367419 0.22401517 0.21712665 0.21023813 0.20334961 0.1940751 0.18442112 0.17476714 0.10666573 0.036221919 -0.034221892 -0.1046657 -0.17510951 -0.24555333 -0.31599714 -0.38644095 -0.45688476 -0.52732857 -0.59777238 -0.66821619 -0.73866 -0.80825138 -0.724511 -0.574511 -0.43343412 -0.30896077 -0.16476057 -0.13586005 -0.10695952 -0.078059 -0.052902097 0.13886612 0.18170035 0.16848133 0.17017698 0.17187263 0.17356828 0.17707939 0.19990548 0.2151512 0.22658684 0.24670228 0.27262988 0.29855748 0.3210758 0.3245484 0.32156198 0.30289934 0.24148424 0.19146563 0.14551468 0.10733286 0.064412435 0.0018037394 -0.032005146 -0.040778731 -0.047351234 -0.048981668 -0.050183298 -0.051194534 -0.051302881 -0.052130436 -0.051857709 -0.051584982 -0.047768196 -0.041572544
0.23522719 0.22379331 0.21690479 0.21001627 0.20312775 0.19450763 0.18485365 0.17519968 0.11525032 0.04480651 -0.025637301 -0.096081112 -0.16652492 -0.23696873 -0.30741255 -0.37785636 -0.44830017 -0.51874398 -0.58918779 -0.6596316 -0.73007541 -0.71514353 -0.424505 -0.274505 -0.14668597 -0.058674005 -0.023221963 0.0056785605 0.034579084 0.063479608 0.16297524 0.2250341 0.20236441 0.1813609 0.18539467 0.18709033 0.18878598 0.19048163 0.2086013 0.23142739 0.24341886 0.2592968 0.2852244 0.311152 0.3370796 0.34822912 0.32956531 0.26815021 0.20673512 0.15246142 0.10483255 0.057203686 0.013089318 -0.018671722 -0.027445307 -0.036218891 -0.044992476 -0.046626549 -0.047748792 -0.048760028 -0.048955545 -0.048494 -0.048221273 -0.047948545 -0.045594239 -0.039398587
0.23678019 0.22499982 0.21668294 0.20979442 0.2029059 0.19494017 0.18528619 0.17563221 0.12383491 0.053391101 -0.01705271 -0.087496521 -0.15794033 -0.22838414 -0.29882795 -0.36927177 -0.43971558 -0.51015939 -0.5806032 -0.65104701 -0.72149082 -0.51547738 -0.124499 0.017334921 0.064092756 0.021820029 0.031025831 0.097873657 0.16472148 0.20501821 0.26836784 0.24569816 0.22302848 0.20035879 0.19870782 0.20230802 0.20400367 0.20569933 0.21729713 0.24012322 0.26025088 0.27189132 0.29781892 0.32374652 0.34967412 0.35602054 0.29481618 0.23340109 0.171986 0.1134572 0.065828335 0.018199469 -0.011053562 -0.016516524 -0.022885467 -0.031659052 -0.040432637 -0.044271429 -0.045314287 -0.04758937 -0.049561618 -0.047107073 -0.044652527 -0.044312109 -0.043420283 -0.03722463
0.23833318 0.22655282 0.21646108 0.20957256 0.20268404 0.1953727 0.18571872 0.17606474 0.1324195 0.061975692 -0.0084681195 -0.078911931 -0.14935574 -0.21979955 -0.29024336 -0.36068717 -0.43113099 -0.5015748 -0.57201861 -0.64246242 -0.71290623 -0.31581122 0.13520229 0.18685952 0.14458679 0.10231406 0.081207994 0.14805582 0.21490365 0.28168289 0.28903191 0.26636222 0.24369254 0.22102286 0.21137474 0.21605474 0.21922137 0.22091702 0.22599296 0.24881904 0.27164513 0.28851854 0.31041344 0.33634104 0.34510218 0.30580324 0.25344097 0.19865197 0.13723687 0.075821779 0.026824119 -0.0068955515 -0.014318232 -0.020761891 -0.025007175 -0.029252458 -0.035872797 -0.041868545 -0.043929935 -0.046864717 -0.0497995 -0.047713145 -0.0452586 -0.042804055 -0.040402945 -0.0284831
0.23988618 0.22810582 0.21632545 0.2093507 0.20246218 0.19557366 0.18615126 0.17649728 0.14100409 0.070560282 0.00011647127 -0.07032734 -0.14077115 -0.21121496 -0.28165877 -0.35210258 -0.4225464 -0.49299021 -0.56343402 -0.63387783 -0.56715858 -0.11614507 0.22930387 0.23351132 0.22508082 0.1828081 0.14053537 0.19823798 0.26501642 0.2912837 0.30609133 0.28702629 0.2643566 0.24168692 0.22404166 0.22872166 0.23340166 0.23613472 0.23783037 0.25751487 0.28034096 0.30316704 0.32300796 0.33176782 0.29372658 0.25382201 0.20548403 0.15086139 0.09623875 0.041072656 -0.0027375412 -0.010160222 -0.017582902 -0.025005582 -0.029252542 -0.033497825 -0.037743108 -0.039832 -0.043205283 -0.046140065 -0.049074848 -0.048319218 -0.045864673 -0.043410127 -0.032565283 -0.0184829
0.24143918 0.22965882 0.21787845 0.20912885 0.20224033 0.19535181 0.18658379 0.17692981 0.14958868 0.079144873 0.0087010621 -0.061742749 -0.13218656 -0.20263037 -0.27307418 -0.34351799 -0.4139618 -0.48440562 -0.55484943 -0.62529324 -0.36749242 0.083521089 0.23020828 0.23711964 0.23742892 0.2377382 0.2210294 0.24834994 0.27461722 0.3008845 0.31802209 0.30548834 0.28502067 0.26235098 0.2396813 0.24138858 0.24606858 0.25074858 0.25304807 0.2662107 0.28903678 0.31186287 0.31843346 0.28039222 0.24235098 0.20184077 0.1575271 0.10290446 0.048281816 0.0033000446 -0.0044050841 -0.013424892 -0.020847572 -0.028270253 -0.03349791 -0.037743193 -0.038551351 -0.037325614 -0.041172522 -0.045411652 -0.048350196 -0.048925291 -0.046470745 -0.034509517 -0.022009517 -0.0084827001
