Ground Level.asc
NCOLS 300
NROWS 300
XLLCORNER 415967
YLLCORNER 92781.9
DX 0.3
DY 0.16667
NODATA_VALUE -9999
[rows 145 to 173 of 300, columns 132 to 197 of 300]
0.34543016 0.33895427 0.33247838 0.3260025 0.31952661 0.31214242 0.30385044 0.29555847 0.28726649 0.27883546 0.27029723 0.26175899 0.25322075 0.24468251 0.22409141 0.21114055 0.19743906 0.18325188 0.16881158 0.16020542 0.15467641 0.1491474 0.1464508 0.13858765 0.12953105 0.12047444 0.11694967 0.11923544 0.12934414 0.13850915 0.14009796 0.14282524 0.14428621 0.14389248 0.14500359 0.14752506 0.1521592 0.15400523 0.14892459 0.15542655 0.16633564 0.18148128 0.17730532 0.1619992 0.14669308 0.14816351 0.16351005 0.17885658 0.19420312 0.18447184 0.17034813 0.15622442 0.15996624 0.16885821 0.17775017 0.17911102 0.17560391 0.17695838 0.19442316 0.20479571 0.17604571 0.1588482 0.15243634 0.1600408 0.1672064 0.17138967
0.34541535 0.33893947 0.33246358 0.32598769 0.3195118 0.31303591 0.30525402 0.29696205 0.28867008 0.28034405 0.27180581 0.26326757 0.25472933 0.24619109 0.22620182 0.2132799 0.19957841 0.18517978 0.17182102 0.16629201 0.160763 0.15523399 0.14865273 0.13953107 0.13047446 0.12141786 0.11459455 0.1179673 0.12807599 0.13818469 0.14252225 0.14524953 0.14641958 0.14521958 0.14623819 0.14915111 0.15378525 0.1584194 0.16093193 0.17184102 0.18275011 0.1958428 0.18053668 0.16253985 0.1463214 0.14651332 0.16185985 0.17720639 0.19255292 0.19191758 0.17779387 0.16367015 0.16264404 0.17153601 0.18042798 0.18306055 0.17955344 0.18040132 0.19786611 0.20618463 0.17743463 0.16243641 0.15670759 0.16602116 0.17222933 0.17610328
0.34540055 0.33892466 0.33244877 0.32597288 0.319497 0.31302111 0.30654522 0.29836563 0.29007366 0.28178168 0.27331439 0.26477615 0.25623791 0.24769967 0.22850626 0.21541925 0.20154798 0.18710768 0.1779076 0.17237859 0.16684958 0.16105502 0.15296807 0.14237504 0.13141788 0.12236127 0.11330467 0.11669916 0.12685803 0.13781957 0.14494655 0.14767382 0.14855296 0.14735296 0.14747278 0.15077715 0.1554113 0.16033356 0.1671858 0.17809489 0.18900398 0.19182515 0.17253966 0.15632153 0.15283316 0.14934479 0.16020965 0.17555619 0.19090272 0.19936332 0.1852396 0.17111589 0.16532184 0.17421381 0.18310578 0.18701007 0.18350296 0.18384427 0.20130906 0.20757354 0.17882354 0.16602463 0.16268795 0.17200152 0.17725226 0.1808169
0.34538574 0.33890985 0.33243397 0.32595808 0.31948219 0.3130063 0.30653041 0.29976922 0.29147724 0.28318527 0.27482297 0.26628473 0.25774649 0.24920826 0.2308107 0.21755859 0.20347588 0.1895232 0.18399419 0.17846518 0.17293617 0.16496814 0.15688119 0.14709736 0.13609736 0.12509736 0.11424808 0.11557597 0.12653751 0.13749905 0.14737084 0.15009811 0.15068634 0.14948634 0.14870737 0.1524032 0.15748137 0.16157379 0.16339784 0.17430693 0.18521602 0.17907979 0.16632167 0.16283329 0.15934492 0.15585655 0.15855946 0.17390599 0.18925252 0.20459906 0.19268534 0.17856163 0.16799964 0.17689161 0.18578358 0.1909596 0.18745249 0.18728722 0.20475201 0.20896246 0.18021246 0.16961284 0.16866831 0.17775464 0.18227519 0.18553051
0.34537094 0.33889505 0.33241916 0.32594327 0.31946738 0.3129915 0.30651561 0.30003972 0.29288082 0.28458885 0.27629688 0.26779331 0.25925508 0.25071684 0.23311514 0.21969794 0.20540377 0.19560978 0.19008077 0.18455176 0.17696822 0.16888127 0.16079431 0.15181968 0.14081968 0.12981968 0.11902526 0.1160821 0.12621699 0.13717853 0.14814007 0.1525224 0.15281971 0.15161971 0.15041971 0.15462919 0.15988692 0.16236745 0.16008174 0.17051898 0.17692268 0.16831232 0.17283342 0.16934505 0.16585668 0.16236831 0.15887993 0.17225579 0.18760233 0.20294886 0.20013108 0.18600737 0.17188366 0.17956941 0.18846138 0.19490912 0.19140201 0.19073017 0.20819496 0.21035138 0.18160138 0.17320106 0.17464867 0.18277758 0.18701804 0.19024412
0.34535613 0.33888024 0.33240435 0.32592847 0.31945258 0.31297669 0.3065008 0.30002491 0.29354902 0.28599243 0.27770046 0.26930189 0.26076366 0.25222542 0.23541958 0.22177197 0.20733167 0.20169636 0.19616735 0.1889683 0.18088134 0.17279439 0.16470743 0.15654199 0.14554199 0.13454199 0.12574374 0.11836709 0.12731871 0.13685801 0.14781955 0.15494669 0.15495309 0.15375309 0.15423489 0.15703473 0.16229246 0.16316112 0.1608754 0.16673102 0.16439568 0.16964568 0.17489568 0.17585681 0.17236844 0.16888007 0.16539169 0.17060559 0.18595213 0.20129866 0.20757682 0.19345311 0.1793294 0.18224721 0.19113918 0.19885865 0.19535154 0.19417312 0.21163791 0.21174029 0.18320113 0.17678927 0.18062902 0.18780051 0.19173166 0.19495774
0.34534133 0.33886544 0.33238955 0.32591366 0.31943777 0.31296188 0.306486 0.30001011 0.29353422 0.28705833 0.27910404 0.27081048 0.26227224 0.253734 0.23767812 0.22369987 0.21331196 0.20778295 0.20096838 0.19288142 0.18479447 0.17670751 0.16862055 0.1605336 0.15026431 0.14106687 0.13246222 0.12385757 0.1296037 0.13855531 0.14750692 0.15737098 0.15708646 0.15758929 0.15802284 0.15944028 0.16469801 0.16395479 0.16166907 0.16202021 0.16572904 0.17097904 0.17622904 0.18147904 0.1788802 0.17539182 0.17190345 0.1689554 0.18430193 0.19964847 0.214995 0.20089885 0.18677514 0.18492501 0.19381698 0.20270894 0.19930107 0.19761607 0.21508085 0.21312921 0.18678934 0.18037749 0.18660938 0.19282344 0.19644527 0.19971358
0.34532652 0.33885063 0.33237474 0.32589886 0.31942297 0.31294708 0.30647119 0.2999953 0.29351941 0.28704353 0.28050762 0.27221565 0.26378082 0.25524258 0.23981747 0.22562777 0.21939854 0.21296846 0.2048815 0.19679454 0.18870759 0.18062063 0.17253367 0.16444672 0.15639 0.14778535 0.1391807 0.13057605 0.13188869 0.1408403 0.14979192 0.15874353 0.16092271 0.16154126 0.1618108 0.16184582 0.16703417 0.16474845 0.16246274 0.16221282 0.1670624 0.1723124 0.1775624 0.1828124 0.18539195 0.18190358 0.17841521 0.17492684 0.18265173 0.19799827 0.2133448 0.20834459 0.19422088 0.18760281 0.19649478 0.20538675 0.20325059 0.20105901 0.2185238 0.21451813 0.19037756 0.1839657 0.19258974 0.19784637 0.20115889 0.20485909
0.34531171 0.33883583 0.33235994 0.32588405 0.31940816 0.31293227 0.30645638 0.2999805 0.29350461 0.28702872 0.28055283 0.27361923 0.2652894 0.25675116 0.24195682 0.23101413 0.22496853 0.21688158 0.20879462 0.20070767 0.19262071 0.18453375 0.1764468 0.16835984 0.1605759 0.15405416 0.14589918 0.13729453 0.13417368 0.14312529 0.15207691 0.15881602 0.16487468 0.16549323 0.16559875 0.16525784 0.16782783 0.16556559 0.16367795 0.16443564 0.16856213 0.17364576 0.17889576 0.18414576 0.18939576 0.18841534 0.18492697 0.1814386 0.18100153 0.19634807 0.2116946 0.21579033 0.20166662 0.19028061 0.19917258 0.20806455 0.20720012 0.20450196 0.22196675 0.21590704 0.19396577 0.18925653 0.19834875 0.20264642 0.2058725 0.21000461
0.34529691 0.33882102 0.33234513 0.32586924 0.31939336 0.31291747 0.30644158 0.29996569 0.2934898 0.28701391 0.28053803 0.27406214 0.26673084 0.25825974 0.24392387 0.23696861 0.22888166 0.2207947 0.21270774 0.20462079 0.19653383 0.18844687 0.18035992 0.17227296 0.164186 0.15753249 0.15101075 0.14401301 0.13645867 0.14541029 0.15206132 0.15933149 0.16882664 0.1694452 0.1693867 0.1690458 0.16868921 0.16680157 0.16491393 0.16667429 0.17071475 0.17497912 0.18022912 0.18547912 0.19072912 0.1949271 0.19143873 0.18795035 0.18446198 0.19469787 0.21004441 0.22323607 0.20911235 0.19498864 0.20185038 0.21074235 0.21114964 0.20794491 0.2254097 0.21729596 0.19755399 0.19523689 0.20337168 0.20736003 0.21058611 0.21539288
0.3452821 0.33880621 0.33233033 0.32585444 0.31937855 0.31290266 0.30642677 0.29995088 0.293475 0.28699911 0.28052322 0.27404733 0.26757144 0.25976833 0.24871631 0.24088173 0.23279478 0.22470782 0.21662087 0.20853391 0.20044695 0.19236 0.18427304 0.17618608 0.16809913 0.16101082 0.15448908 0.14796734 0.1414456 0.14539465 0.1518895 0.15984696 0.17036243 0.17339717 0.17317466 0.17218518 0.16992519 0.16803755 0.16614991 0.16891293 0.17286738 0.17706406 0.18156248 0.18681248 0.19206248 0.19731248 0.19795048 0.19446211 0.19097374 0.19304767 0.20839421 0.22374074 0.21655809 0.20243438 0.20452818 0.21342015 0.21509917 0.21159206 0.22885265 0.21868488 0.2011422 0.20121725 0.20839462 0.21207365 0.21566477 0.22132117
0.3452673 0.33879141 0.33231552 0.32583963 0.31936374 0.31288786 0.30641197 0.29993608 0.29346019 0.2869843 0.28050841 0.27403253 0.26755664 0.26108075 0.25288181 0.24479486 0.2367079 0.22862094 0.22053399 0.21244703 0.20436007 0.19627312 0.18818616 0.1800992 0.17201225 0.16448915 0.15796741 0.15144567 0.14824853 0.14522283 0.15171768 0.16036244 0.1708779 0.17730352 0.17605776 0.1734107 0.17116117 0.16927353 0.16741262 0.17115157 0.17502001 0.17921669 0.18341336 0.18814584 0.19339584 0.19864584 0.20389584 0.20097387 0.1974855 0.19399713 0.20674401 0.22209054 0.22400383 0.20988012 0.20720598 0.21609795 0.2190487 0.21554159 0.2322956 0.22007379 0.20473042 0.20719761 0.21341755 0.21678726 0.22081029 0.23057014
0.34525249 0.3387766 0.33230071 0.32582483 0.31934894 0.31287305 0.30639716 0.29992127 0.29344538 0.2869695 0.28049361 0.27401772 0.26754183 0.2623472 0.25727161 0.25197954 0.24321624 0.23431514 0.22541404 0.21651294 0.2082732 0.20018624 0.19209928 0.18401233 0.17592537 0.16796748 0.16144574 0.15842479 0.15409057 0.14505101 0.15154585 0.16087791 0.17139338 0.17993033 0.17728327 0.17463621 0.17239715 0.17050951 0.16965126 0.17339021 0.17717264 0.18136932 0.18556599 0.18976267 0.1947292 0.1999792 0.2052292 0.20748563 0.20399726 0.20050888 0.20509381 0.22044035 0.23144957 0.21732586 0.20988378 0.21877575 0.22299822 0.21949111 0.23573854 0.22146271 0.20831864 0.21317796 0.2182748 0.22150088 0.22620826 0.23981912
0.34523769 0.3387618 0.33228591 0.32581002 0.31933413 0.31285824 0.30638236 0.29990647 0.29343058 0.28695469 0.2804788 0.27400291 0.26886147 0.26406009 0.2592587 0.25363729 0.24841269 0.24325346 0.23475488 0.22585379 0.21695269 0.20805159 0.19915049 0.19024939 0.18134829 0.17244719 0.16842494 0.16564143 0.15993261 0.14910787 0.15137403 0.16139339 0.17344635 0.18115585 0.17850879 0.17579186 0.17363313 0.17174549 0.1718899 0.17562885 0.1793678 0.18352194 0.18771862 0.1919153 0.19611197 0.20131256 0.20656256 0.21181256 0.21050901 0.20702064 0.20353227 0.21879015 0.23413668 0.2247716 0.21256158 0.22145355 0.22694775 0.22344064 0.23918149 0.22285163 0.21190685 0.21894286 0.22298841 0.22647045 0.23319572 0.24386337
0.34522288 0.33874699 0.3322711 0.32579522 0.31931933 0.31284344 0.30636755 0.29989166 0.29341577 0.28693989 0.280464 0.27537575 0.27057436 0.26577298 0.26097159 0.25617021 0.25000297 0.24484584 0.23968661 0.23452737 0.22629353 0.21739243 0.20849134 0.19959024 0.19068914 0.18178804 0.17564158 0.17285807 0.16577465 0.15494991 0.1513934 0.16344643 0.17723431 0.18238136 0.1797343 0.17691801 0.17486911 0.17298147 0.17412854 0.17786749 0.18160644 0.18567457 0.18987125 0.19406792 0.1982646 0.20264592 0.20789592 0.21314592 0.21702077 0.2135324 0.21004403 0.21713995 0.23248649 0.23221734 0.21809363 0.22413135 0.23089727 0.22739017 0.24262444 0.22424054 0.21582511 0.22396579 0.22770202 0.231616 0.24244469 0.24515048
0.34520807 0.33873219 0.3322563 0.32578041 0.31930452 0.31282863 0.30635274 0.29987686 0.29340097 0.28692508 0.28189002 0.27708864 0.27228725 0.26748587 0.26268448 0.2578831 0.25308171 0.24636865 0.24125446 0.23611976 0.23096053 0.22580129 0.21783218 0.20893108 0.20002998 0.19112888 0.18285822 0.18007471 0.17161669 0.16079195 0.1534465 0.16723438 0.18102226 0.18360688 0.18095982 0.17804416 0.17610509 0.17421745 0.17636719 0.18010613 0.18384508 0.1878272 0.19202388 0.19622055 0.20041723 0.2046139 0.20922928 0.21447928 0.21972928 0.22004416 0.21655579 0.21548975 0.23083629 0.23966308 0.22553936 0.22680915 0.2348468 0.23133969 0.24606739 0.22562946 0.22180547 0.22898873 0.23241564 0.23702363 0.24962081 0.24643759
0.34519327 0.33871738 0.33224149 0.3257656 0.31928972 0.31281383 0.30633794 0.29986205 0.29338616 0.2884043 0.28360292 0.27880153 0.27400014 0.26919876 0.26439737 0.25959599 0.2547946 0.24999322 0.24273432 0.23764338 0.23255291 0.22739368 0.22223444 0.21707521 0.20937083 0.20046973 0.19156863 0.18729135 0.17745873 0.16573597 0.15723446 0.17102234 0.18481021 0.18483239 0.18218533 0.17922871 0.17734107 0.17545343 0.17860583 0.18234477 0.18608372 0.18997983 0.19417651 0.19837318 0.20256986 0.20676653 0.21096321 0.21581264 0.22106264 0.22631264 0.22306754 0.21957917 0.22918609 0.24453262 0.2329851 0.22948695 0.23837892 0.23528922 0.24951034 0.22908335 0.22778583 0.23390317 0.23727613 0.24507026 0.25090792 0.2477247
0.34517846 0.33870257 0.33222669 0.3257508 0.31927491 0.31279902 0.30632313 0.29984724 0.29491858 0.29011719 0.28531581 0.28051442 0.27571303 0.27091165 0.26611026 0.26130888 0.25650749 0.25170611 0.24690472 0.2391 0.23403229 0.22898607 0.22382683 0.2186676 0.21350836 0.20834912 0.20090948 0.19412552 0.18240271 0.16966686 0.16102241 0.17481029 0.18673316 0.1860579 0.18341085 0.18046469 0.17857705 0.17710552 0.18084447 0.18458342 0.18832236 0.19213246 0.19632913 0.20052581 0.20472249 0.20891916 0.21311584 0.21731251 0.222396 0.227646 0.2295793 0.22609093 0.22753589 0.24288243 0.24043084 0.23216475 0.24105672 0.23923874 0.25295329 0.23267157 0.23376619 0.23861679 0.24243137 0.25431923 0.25219503 0.24901181
0.34516366 0.33868777 0.33221188 0.32573599 0.3192601 0.31278422 0.30630833 0.30143285 0.29663147 0.29183008 0.2870287 0.28222731 0.27742592 0.27262454 0.26782315 0.26302177 0.25822038 0.253419 0.24861761 0.24340116 0.23546568 0.23042121 0.22541922 0.22025998 0.21510075 0.20994151 0.20478228 0.19906946 0.18633361 0.17359776 0.16481037 0.17859824 0.18819924 0.18728342 0.18463636 0.18170067 0.17981303 0.17934416 0.18308311 0.18682206 0.190561 0.19429995 0.19848176 0.20267844 0.20687511 0.21107179 0.21526847 0.21946514 0.22372936 0.22897936 0.23422936 0.23260269 0.22911432 0.24123223 0.24787658 0.23484255 0.24373452 0.24318827 0.25639623 0.23625978 0.23953697 0.2433304 0.247839 0.25666536 0.25348214 0.25029892
0.34514885 0.33867296 0.33219707 0.32572119 0.3192453 0.31276941 0.30794713 0.30314574 0.29834436 0.29354297 0.28874159 0.2839402 0.27913881 0.27433743 0.26953604 0.26473466 0.25993327 0.25513189 0.2503305 0.24552911 0.23976684 0.23183135 0.22681013 0.22181013 0.21669314 0.2115339 0.20637467 0.20121543 0.1902645 0.17752866 0.16859832 0.1823862 0.18966532 0.18850893 0.18579199 0.18293665 0.18104901 0.1815828 0.18532175 0.1890607 0.19279965 0.19653859 0.20063439 0.20483107 0.20902774 0.21322442 0.21742109 0.22161777 0.22581445 0.23031272 0.23556272 0.23911445 0.23562607 0.23958203 0.25492856 0.24119861 0.24641232 0.2471378 0.25983918 0.239848 0.2445599 0.24808181 0.25694481 0.25795247 0.25476925 0.25158603
0.34513405 0.33865816 0.33218227 0.32570638 0.31926279 0.3144614 0.30966002 0.30485863 0.30005725 0.29525586 0.29045448 0.28565309 0.28085171 0.27605032 0.27124893 0.26644755 0.26164616 0.25684478 0.25204339 0.24724201 0.24244062 0.23613252 0.22819904 0.22319904 0.21819904 0.21312629 0.20796705 0.20280782 0.1941954 0.18145193 0.17238628 0.18617415 0.1911314 0.18973445 0.18691814 0.18417263 0.18228499 0.18382144 0.18756039 0.19129934 0.19503829 0.19877723 0.20278702 0.20698369 0.21118037 0.21537705 0.21957372 0.2237704 0.22796707 0.23216375 0.23689608 0.24214608 0.24213783 0.23864946 0.25327837 0.24864435 0.24909012 0.25108732 0.26132404 0.24343621 0.24953155 0.25324674 0.2624228 0.25923958 0.25605636 0.25287314
0.34511924 0.33864335 0.33216746 0.32577707 0.32097568 0.3161743 0.31137291 0.30657152 0.30177014 0.29696875 0.29216737 0.28736598 0.2825646 0.27776321 0.27296182 0.26816044 0.26335905 0.25855767 0.25375628 0.2489549 0.24415351 0.23935212 0.23249819 0.22458796 0.21958796 0.21458796 0.20955944 0.20440021 0.1981263 0.18523989 0.17617423 0.18996211 0.19259747 0.19095996 0.18804429 0.18540861 0.18352097 0.18606009 0.18979903 0.19353798 0.19727693 0.20101588 0.20493965 0.20913632 0.213333 0.21752968 0.22172635 0.22592303 0.2301197 0.23431638 0.23851305 0.24347944 0.24864959 0.24516122 0.25162817 0.25609009 0.25176792 0.25503685 0.26271296 0.24837405 0.25424516 0.25957038 0.26370991 0.26052669 0.25734347 0.25416025
0.34510443 0.33862855 0.33229134 0.32748996 0.32268857 0.31788719 0.3130858 0.30828441 0.30348303 0.29868164 0.29388026 0.28907887 0.28427749 0.2794761 0.27467471 0.26987333 0.26507194 0.26027056 0.25546917 0.25066779 0.2458664 0.24106501 0.23626363 0.22886387 0.22097688 0.21597688 0.21097688 0.20597688 0.20083336 0.18902784 0.17996218 0.19281355 0.19406355 0.19218548 0.18917044 0.18664459 0.18475695 0.18829873 0.19203767 0.19577662 0.19951557 0.20325452 0.20709228 0.21128895 0.21548563 0.2196823 0.22387898 0.22807566 0.23227233 0.23646901 0.24066568 0.24486236 0.2500628 0.25167298 0.24997797 0.26353582 0.25444572 0.25898637 0.26410188 0.25435441 0.25895878 0.26818024 0.26499702 0.2618138 0.25863058 0.25544736
0.34508963 0.33880562 0.33400423 0.32920285 0.32440146 0.31960008 0.31479869 0.3099973 0.30519592 0.30039453 0.29559315 0.29079176 0.28599038 0.28118899 0.2763876 0.27158622 0.26678483 0.26198345 0.25718206 0.25238068 0.24757929 0.2427779 0.23797652 0.23316503 0.22522955 0.21736579 0.21236579 0.20736579 0.20236579 0.1928158 0.18375014 0.19427963 0.19552963 0.19341099 0.19029659 0.18788057 0.18679842 0.19053737 0.19427632 0.19801526 0.20175421 0.20549316 0.2092449 0.21344158 0.21763826 0.22183493 0.22603161 0.23022828 0.23442496 0.23862164 0.24281831 0.24701499 0.25139616 0.25664616 0.25469636 0.26367431 0.25712352 0.2629359 0.26549079 0.26013108 0.26406211 0.26946735 0.26628413 0.26310091 0.25991769 0.25673447
0.34531989 0.34051851 0.33571712 0.33091574 0.32611435 0.32131297 0.31651158 0.31171019 0.30690881 0.30210742 0.29730604 0.29250465 0.28770327 0.28290188 0.27810049 0.27329911 0.26849772 0.26369634 0.25889495 0.25409357 0.24929218 0.2444908 0.23968941 0.23488802 0.22953071 0.22159523 0.21375471 0.20875471 0.20375471 0.19660375 0.18753809 0.19574571 0.19699571 0.19463651 0.19142274 0.18911655 0.18903706 0.19277601 0.19651496 0.2002539 0.20399285 0.2077318 0.21147075 0.21559421 0.21979088 0.22398756 0.22818424 0.23238091 0.23657759 0.24077426 0.24497094 0.24916762 0.25336429 0.25797952 0.26120812 0.26202411 0.26430359 0.26688543 0.26687971 0.26515401 0.27144492 0.27075446 0.26757124 0.26438802 0.2612048 0.25802158
0.34703278 0.3422314 0.33743001 0.33262863 0.32782724 0.32302586 0.31822447 0.31342308 0.3086217 0.30382031 0.29901893 0.29421754 0.28941616 0.28461477 0.27981339 0.275012 0.27021061 0.26540923 0.26060784 0.25580646 0.25100507 0.24620369 0.2414023 0.23660091 0.23179953 0.22589639 0.2179609 0.21014363 0.20514363 0.20014363 0.19132605 0.19721179 0.19846179 0.19579213 0.19254889 0.19035253 0.1912757 0.19501465 0.1987536 0.20249255 0.20623149 0.20997044 0.21370939 0.21774684 0.22194351 0.22614019 0.23033686 0.23453354 0.23873022 0.24292689 0.24712357 0.25132024 0.25551692 0.2597136 0.26456288 0.26423151 0.27174933 0.27083495 0.26826863 0.26987354 0.27522479 0.27204157 0.26885835 0.26567513 0.26249191 0.25930869
0.34874567 0.34394429 0.3391429 0.33434152 0.32954013 0.32473875 0.31993736 0.31513598 0.31033459 0.3055332 0.30073182 0.29593043 0.29112905 0.28632766 0.28152628 0.27672489 0.2719235 0.26712212 0.26232073 0.25751935 0.25271796 0.24791658 0.24311519 0.2383138 0.23351242 0.22871103 0.22226206 0.21432658 0.20653254 0.20153254 0.195114 0.19867787 0.1997346 0.19691828 0.19367503 0.19158851 0.19351435 0.19725329 0.20099224 0.20473119 0.20847013 0.21220908 0.21594803 0.21989947 0.22409614 0.22829282 0.23248949 0.23668617 0.24088285 0.24507952 0.2492762 0.25347287 0.25766955 0.26186622 0.2660629 0.27074327 0.27407025 0.27404889 0.27137736 0.27487748 0.2765119 0.27332868 0.27014546 0.26696224 0.26377902 0.2605958
0.35045857 0.34565718 0.34085579 0.33605441 0.33125302 0.32645164 0.32165025 0.31684887 0.31204748 0.30724609 0.30244471 0.29764332 0.29284194 0.28804055 0.28323917 0.27843778 0.27363639 0.26883501 0.26403362 0.25923224 0.25443085 0.24962947 0.24482808 0.24002669 0.23522531 0.23042392 0.22562254 0.21862774 0.21069226 0.20292146 0.19889395 0.20014395 0.20096011 0.19804443 0.19480118 0.19282449 0.19575299 0.19949193 0.20323088 0.20696983 0.21070878 0.21444772 0.21818667 0.22205209 0.22624877 0.23044545 0.23464212 0.2388388 0.24303547 0.24723215 0.25142883 0.2556255 0.25982218 0.26401885 0.26821553 0.2724796 0.27376665 0.27672669 0.27496558 0.28098223 0.27779901 0.27461579 0.27143257 0.26824935 0.26506613 0.26188291
0.35217146 0.34737007 0.34256868 0.3377673 0.33296591 0.32816453 0.32336314 0.31856176 0.31376037 0.30895898 0.3041576 0.29935621 0.29455483 0.28975344 0.28495206 0.28015067 0.27534928 0.2705479 0.26574651 0.26094513 0.25614374 0.25134236 0.24654097 0.24173958 0.2369382 0.23213681 0.22733543 0.22253404 0.21499342 0.20705794 0.20036003 0.20161003 0.20218563 0.19917057 0.19594811 0.19425268 0.19799163 0.20173057 0.20546952 0.20920847 0.21294742 0.21668636 0.22042531 0.22420472 0.2284014 0.23259807 0.23679475 0.24099143 0.2451881 0.24938478 0.25358145 0.25777813 0.26197481 0.26617148 0.27036816 0.27456483 0.27906296 0.27996284 0.28072519 0.28226934 0.27908612 0.2759029 0.27271968 0.26953646 0.26635324 0.26317002
