Pottery Density.asc
NCOLS 300
NROWS 300
XLLCORNER 415988
YLLCORNER 92795.7
DX 0.12
DY 0.15233
NODATA_VALUE -9999
[rows 234 to 259 of 300, columns 60 to 119 of 300]
254.21842 248.95127 242.90834 236.02217 228.21976 219.42298 209.54991 198.51756 186.24661 172.6692 157.74116 141.46033 123.89296 105.21022 85.735553 66.000645 46.800913 29.229082 14.648728 4.555356 0.28078905 2.5552794 11.058291 24.201359 39.364779 53.585948 64.411319 70.528223 71.959785 69.856764 66.060908 62.616555 61.348683 63.570003 69.94036 80.470395 94.635237 111.54877 130.14948 149.36224 168.21837 185.93099 201.9316 215.87597 227.62807 237.22883 244.85646 250.78371 255.3369 258.86029 261.68748 264.12045 266.41522 268.77309 271.33564 274.18243 277.33065 280.73638 284.29788 287.86143
245.0625 239.69177 233.57555 226.65193 218.8549 210.11519 200.36199 189.52592 177.54395 164.36717 149.97227 134.37841 117.67078 100.03231 81.783794 63.430062 45.704044 29.590937 16.301031 7.1480137 3.2940611 5.3666309 13.046179 24.830304 38.194262 50.203424 58.36186 61.323963 59.189372 53.341036 45.972945 39.506444 36.059605 37.077011 43.169472 54.155641 69.248768 87.307801 107.07897 127.38177 147.22469 165.85792 182.78054 197.71941 210.59392 221.47528 230.54613 238.06315 244.32456 249.64291 254.32335 258.64669 262.85665 267.15007 271.66941 276.49674 281.64919 287.0759 292.65768 298.21019
236.95686 231.57817 225.49693 218.65926 211.00903 202.48913 193.0435 182.6205 171.17794 158.69072 145.16152 130.63597 115.22286 99.120254 82.646804 66.275464 50.661927 36.653025 25.250997 17.502546 14.287079 16.011076 22.282965 31.721179 42.069684 50.692072 55.31145 54.701507 49.047433 39.86423 29.5485 20.746652 15.740428 16.010893 22.065995 33.524156 49.369943 68.267862 88.839763 109.85682 130.34015 149.58943 167.16612 182.85426 196.61436 208.53884 218.81291 227.68193 235.42479 242.33254 248.69137 254.76861 260.80112 266.98492 273.46556 280.32878 287.59154 295.19428 302.99567 310.77203
229.82975 224.52657 218.57326 211.92544 204.53845 196.36891 187.37709 177.53046 166.8088 155.21129 142.76633 129.54445 115.67485 101.36527 86.924163 72.78149 59.501458 47.775288 38.377018 32.063053 29.403318 30.5564 35.045072 41.636335 48.442833 53.300676 54.348967 50.612525 42.359783 31.094066 19.181379 9.2472497 3.5452028 3.4932956 9.4957103 21.048015 37.026334 56.026778 76.650923 97.690222 118.21099 137.56666 155.36815 171.43692 185.75561 198.42394 209.62234 219.58319 228.56854 236.8527 244.70825 252.39412 260.14473 268.15908 276.5892 285.52753 294.99339 304.91952 315.14061 325.38702
223.59851 218.43988 212.68956 206.31312 199.27765 191.55353 183.11694 173.95342 164.06266 153.46496 142.20957 130.38513 118.13209 105.65655 93.243579 81.266894 70.188825 60.542125 52.882823 47.704326 45.310552 45.663406 48.246282 52.010056 55.470833 56.990931 55.199156 49.427626 40.006622 28.291513 16.386003 6.6385055 1.0780811 0.9795464 6.6855668 17.697683 32.94548 51.105271 70.867273 91.106175 110.9575 129.82587 147.35503 163.38255 177.89349 190.97974 202.80719 213.59044 223.5735 233.01506 242.1765 251.31131 260.65468 270.41209 280.74601 291.76013 303.48096 315.83788 328.64382 341.58074
218.17386 213.21359 207.72268 201.67628 195.05252 187.83428 180.01173 171.58563 162.57156 153.00545 142.95012 132.5031 121.8051 111.04823 100.48223 90.415692 81.207934 73.245924 66.900581 62.45904 60.036052 59.479166 60.296739 61.648572 62.436367 61.507506 57.943433 51.358546 42.10912 31.321738 20.701143 12.156228 7.359412 7.387736 12.557927 22.479516 36.263089 52.781745 70.89953 89.623899 108.17936 126.02152 142.8159 158.40141 172.75129 185.93811 198.10519 209.44445 220.17956 230.55298 240.8154 251.21607 261.99271 273.35974 285.49357 298.51392 312.46071 327.26712 342.73101 358.48967
213.46413 208.74116 203.5483 197.86931 191.69186 185.00936 177.82316 170.1455 162.00304 153.44113 144.52866 135.36329 126.07649 116.83735 107.85366 99.368001 91.645929 84.953199 79.519708 75.49037 72.867892 71.459278 70.844875 70.392387 69.333948 66.909526 62.556516 56.100611 47.88751 38.798509 30.120952 23.293022 19.594137 19.88 24.44464 33.036855 44.997269 59.448251 75.472237 92.240623 109.08449 125.51726 141.22606 156.0473 169.93738 182.94483 195.18667 206.82947 218.07486 229.14803 240.28831 251.74029 263.74409 276.52353 290.27041 305.12364 321.14201 338.27046 356.30182 374.83915
209.37903 204.91876 200.04678 194.75409 189.03612 182.89442 176.3385 169.38827 162.07678 154.45325 146.58641 138.56749 130.51262 122.5636 114.8859 107.66238 101.08114 95.316093 90.499858 86.690845 83.839113 81.759555 80.123786 78.482555 76.326498 73.183827 68.740682 62.956832 56.141493 48.95639 42.329115 37.28774 34.758211 35.384252 39.422947 46.739159 56.884652 69.222872 83.056799 97.730349 112.6919 127.52258 141.93884 155.77994 168.9888 181.59181 193.68057 205.39657 216.91898 228.45485 240.23064 252.4842 265.45561 279.3755 294.44898 310.83344 328.60826 347.73569 368.01378 389.02644
205.83263 201.64882 197.10734 192.20491 186.9429 181.32864 175.37699 169.11217 162.56971 155.79854 148.86286 141.84366 134.8392 127.964 121.34547 115.11721 109.40838 104.3287 99.949669 96.283943 93.266694 90.744389 88.477542 86.163227 83.480034 80.152614 76.025888 71.132407 65.7328 60.311389 55.518361 52.0654 50.598439 51.581603 55.224034 61.466067 70.020525 80.448841 92.246571 104.91775 118.02738 131.23039 144.28146 157.03169 169.41827 181.45146 193.20156 204.78738 216.36646 228.12688 240.28005 253.05344 266.68208 281.39739 297.41124 314.8933 333.93927 354.52833 376.46996 399.34426
202.74545 198.8424 194.63061 190.11116 185.28958 180.17697 174.79116 169.15804 163.31285 157.30143 151.18112 145.02116 138.90217 132.91427 127.15337 121.71528 116.68722 112.13716 108.10156 104.57338 101.49286 98.744624 96.164359 93.557866 90.732752 87.539947 83.918367 79.932854 75.79418 71.851727 68.554955 66.388237 65.792504 67.092676 70.448971 75.842695 83.096184 91.917083 101.95277 112.84192 124.2547 135.91882 147.63211 159.26517 170.75745 182.10999 193.3771 204.65819 216.09044 227.84225 240.10713 253.09724 267.0356 282.1454 298.63463 316.67382 336.36417 357.69416 380.48394 404.32068
200.04576 196.42042 192.52983 188.37814 183.97359 179.32941 174.46462 169.40491 164.18346 158.84153 153.42876 148.0029 142.62878 137.37624 132.31676 127.5187 123.04107 118.92634 115.19293 111.82871 108.78717 105.98835 103.32604 100.68246 97.949766 95.056189 91.992345 88.831971 85.74089 82.969434 80.826808 79.640464 79.708153 81.253188 84.39306 89.127875 95.349388 102.86614 111.43712 120.80608 130.73078 141.00418 151.46701 162.01321 172.59005 183.19503 193.87112 204.70146 215.80408 227.32682 239.44219 252.34163 266.22818 281.30641 297.76772 315.76895 335.4019 356.65133 379.34096 403.06964
197.67005 194.31403 190.73082 186.92658 182.91116 178.69865 174.30801 169.76361 165.0956 160.34017 155.53944 150.74084 145.99602 141.35885 136.8827 132.61683 128.6021 124.86631 121.41989 118.25266 115.33288 112.60947 110.01837 107.49316 104.97926 102.45004 99.922087 97.466101 95.210302 93.333786 92.049482 91.578727 92.121887 93.830896 96.789392 101.00428 106.40962 112.88081 120.25515 128.35422 137.0043 146.05264 155.37841 164.8989 174.57171 184.39424 194.40137 204.66223 215.27658 226.37084 238.09368 250.61079 264.09795 278.7314 294.6739 312.05472 330.94135 351.30113 372.95203 395.50498
195.56306 192.46427 189.17124 185.69133 182.03508 178.21667 174.2542 170.17007 165.9911 161.74851 157.47763 153.21722 149.00833 144.89278 140.91093 137.09916 133.48702 130.09437 126.929 123.98532 121.24462 118.67759 116.24926 113.9264 111.6867 109.52854 107.47963 105.60256 103.99546 102.78676 102.12377 102.15671 103.02057 104.81829 107.60825 111.39854 116.14849 121.77687 128.17434 135.218 142.78534 150.76615 159.07145 167.63918 176.43725 185.46425 194.7487 204.34718 214.34174 224.83676 235.95508 247.83302 260.61379 274.43826 289.43189 305.68638 323.23443 342.01623 361.83748 382.32132
193.67728 190.82135 187.79944 184.61953 181.29228 177.83136 174.25364 170.57929 166.83184 163.03802 159.22733 155.43147 151.68334 148.01579 144.46005 141.04398 137.79024 134.71458 131.82469 129.11982 126.59155 124.22594 122.00725 119.92291 117.9693 116.15763 114.51868 113.10546 111.99275 111.27304 111.04897 111.42314 112.48692 114.30999 116.9326 120.36174 124.5718 129.50933 135.10075 141.26176 147.90677 154.95742 162.34944 170.03749 177.99808 186.23088 194.75867 203.62625 212.8985 222.65778 233.00029 244.03142 255.85934 268.58631 282.29663 297.04031 312.81132 329.51969 346.95793 364.76388
191.97237 189.34364 186.57307 183.6688 180.64124 177.50325 174.27026 170.96024 167.5937 164.19344 160.78417 157.39198 154.04355 150.76521 147.58183 144.51562 141.58505 138.80383 136.18048 133.7183 131.4163 129.27089 127.27845 125.43871 123.75824 122.25396 120.95562 119.90701 119.16503 118.79672 118.87414 119.46797 120.64038 122.43861 124.89013 128.00021 131.75219 136.11035 141.02479 146.43752 152.28884 158.52332 165.0949 171.9707 179.13353 186.58321 194.33679 202.42785 210.90486 219.82889 229.27018 239.30372 250.00317 261.43283 273.63683 286.62509 300.35526 314.71069 329.47499 344.30566
190.41431 187.99665 185.45767 182.80541 180.04978 177.20271 174.27813 171.29198 168.26209 165.20794 162.15037 159.11108 156.11205 153.17485 150.31989 147.56561 144.92783 142.41926 140.04928 137.82419 135.74799 133.82362 132.05478 130.44801 129.01491 127.77409 126.75247 125.98564 125.51696 125.39532 125.67181 126.39545 127.60884 129.34403 131.6196 134.43905 137.79105 141.65116 145.98501 150.75226 155.91092 161.42151 167.25073 173.37432 179.77906 186.46381 193.43977 200.72986 208.36728 216.39334 224.85428 233.79709 243.26394 253.28493 263.86875 274.99102 286.57997 298.4998 310.53264 322.36121
188.97463 186.75196 184.4254 182.00269 179.49314 176.90768 174.25885 171.56072 168.82883 166.07991 163.33169 160.60243 157.91056 155.27416 152.71043 150.23521 147.86256 145.60453 143.47113 141.47061 139.61003 137.8962 136.33684 134.94193 133.725 132.70423 131.90304 131.35012 131.07856 131.1243 131.52379 132.31133 133.51622 135.16018 137.25556 139.80435 142.79831 146.22013 150.04552 154.24579 158.79076 163.65168 168.80376 174.22825 179.91387 185.85762 192.06482 198.54853 205.32818 212.42754 219.87175 227.68355 235.87822 244.45739 253.4012 262.65898 272.1384 281.6935 291.1127 300.10846
187.6296 185.58628 183.45384 181.23965 178.95235 176.60189 174.19952 171.75769 169.28998 166.81088 164.33557 161.87965 159.45884 157.08857 154.78367 152.55808 150.42456 148.39461 146.4785 144.68552 143.02441 141.504 140.13392 138.9255 137.89245 137.05146 136.42247 136.02842 135.89465 136.0477 136.51381 137.31705 138.4776 140.0101 141.92249 144.21545 146.8825 149.91079 153.28244 156.9763 160.9699 165.24142 169.77142 174.54432 179.54931 184.7809 190.23878 195.92719 201.85362 208.02691 214.4546 221.13955 228.07558 235.24233 242.59891 250.07682 257.57196 264.9366 271.97188 278.42251
186.35959 184.48062 182.52508 180.49987 178.41298 176.27344 174.09134 171.87772 169.64449 167.40427 165.17023 162.95584 160.77468 158.64016 156.56528 154.56247 152.64344 150.81908 149.0996 147.49465 146.01366 144.66625 143.46266 142.41432 141.53417 140.837 140.33949 140.05994 140.01776 140.23265 140.72353 141.50734 142.59791 144.00491 145.73311 147.7821 150.1463 152.81556 155.77601 159.01126 162.5037 166.23579 170.19126 174.35602 178.71879 183.27134 188.00822 192.92607 198.02247 203.29414 208.73464 214.33146 220.06243 225.8915 231.76392 237.60095 243.29434 248.7012 253.63979 257.8875
185.14835 183.41954 181.62481 179.77058 177.86418 175.91382 173.92853 171.91815 169.89317 167.86467 165.84416 163.84339 161.87423 159.94846 158.07763 156.2729 154.54502 152.90422 151.36035 149.92295 148.60147 147.40555 146.34526 145.4314 144.67572 144.091 143.69101 143.4903 143.50375 143.74597 144.23061 144.96953 145.97205 147.24428 148.78871 150.60393 152.68477 155.02262 157.60606 160.4216 163.45456 166.68992 170.11307 173.71041 177.46965 181.37986 185.43115 189.61396 193.91794 198.33045 202.83459 207.40671 212.0136 216.60919 221.13092 225.49607 229.59809 233.30356 236.45024 238.84705
183.98254 182.39058 180.74172 179.04191 177.29788 175.51706 173.70757 171.87818 170.0382 168.19739 166.36589 164.55404 162.7723 161.0311 159.34075 157.71134 156.15266 154.67425 153.28537 151.99515 150.81265 149.74703 148.80774 148.00462 147.34802 146.8488 146.51823 146.3678 146.40888 146.65228 147.10778 147.78352 148.68559 149.81752 151.18003 152.77089 154.58498 156.61453 158.84951 161.27814 163.88741 166.66369 169.5931 172.66193 175.8567 179.16409 182.57058 186.06173 189.62127 193.22973 196.86285 200.48959 204.06993 207.55239 210.87148 213.94518 216.67272 218.93303 220.58415 221.46435
182.85124 181.3837 179.8669 178.30635 176.70821 175.0792 173.42665 171.75838 170.08267 168.4082 166.74391 165.09899 163.48268 161.90428 160.373 158.89795 157.48805 156.15204 154.89851 153.73594 152.67275 151.71739 150.87844 150.16463 149.5849 149.14833 148.86406 148.7411 148.78807 149.01289 149.42244 150.02214 150.81567 151.80463 152.98841 154.36403 155.92625 157.66766 159.57899 161.64938 163.86675 166.21813 168.68987 171.26788 173.93754 176.68358 179.48969 182.3379 185.20773 188.07513 190.91115 193.68044 196.33956 198.83526 201.10268 203.06381 204.62627 205.6827 206.11113 205.77656
181.74556 180.39088 178.99343 177.55828 176.09105 174.59785 173.08526 171.56029 170.03035 168.50315 166.98664 165.48897 164.01837 162.58312 161.19149 159.85164 158.57166 157.35948 156.22295 155.16978 154.20763 153.34411 152.58682 151.94338 151.42134 151.02823 150.77136 150.65773 150.69378 150.88522 151.23669 151.7516 152.43179 153.27742 154.2868 155.45633 156.78051 158.25206 159.86206 161.60013 163.45464 165.4129 167.46126 169.58517 171.76911 173.99635 176.24865 178.50563 180.74418 182.93749 185.05413 187.05686 188.90144 190.53547 191.89722 192.9148 193.50563 193.57647 193.02426 191.73793
180.65831 179.40581 178.11602 176.79361 175.44369 174.07182 172.68391 171.28628 169.88553 168.48853 167.10239 165.73435 164.39174 163.08194 161.81235 160.59028 159.42298 158.31761 157.28122 156.32073 155.44299 154.65471 153.96252 153.37292 152.89225 152.52663 152.28183 152.1632 152.17547 152.32256 152.60747 153.03199 153.59661 154.30035 155.14067 156.11342 157.21284 158.43162 159.76096 161.19072 162.70948 164.30466 165.96251 167.66817 169.40545 171.15673 172.90253 174.62114 176.28802 177.87517 179.35033 180.67621 181.80967 182.70097 183.29313 183.52155 183.31396 182.59091 181.2668 179.25173
179.58373 178.42355 177.2307 176.00948 174.76453 173.50089 172.22391 170.93925 169.65281 168.37075 167.09939 165.84517 164.61464 163.41437 162.25093 161.13086 160.06064 159.04664 158.09513 157.21224 156.40399 155.67623 155.03465 154.4847 154.03163 153.68032 153.43527 153.30045 153.2792 153.37408 153.58674 153.91777 154.36659 154.93133 155.60878 156.39433 157.28196 158.26426 159.33249 160.4766 161.68529 162.94603 164.24506 165.56731 166.8963 168.21392 169.5002 170.73287 171.88703 172.93457 173.84372 174.57845 175.098 175.35643 175.3024 174.87908 174.02445 172.67201 170.7519 168.19274
178.51727 177.44033 176.33461 175.20404 174.05287 172.88564 171.70718 170.52257 169.3371 168.15628 166.98572 165.83117 164.69845 163.5934 162.52186 161.48963 160.50244 159.56594 158.68564 157.86691 157.11498 156.43485 155.83134 155.30899 154.87202 154.52428 154.26917 154.10954 154.04761 154.08484 154.22182 154.45821 154.79258 155.22238 155.74386 156.35203 157.04067 157.80227 158.62809 159.50817 160.4313 161.38505 162.35574 163.3283 164.28625 165.21144 166.0839 166.88152 167.57976 168.15131 168.56574 168.78918 168.78402 168.5088 167.91814 166.96296 165.59098 163.7475 161.37662 158.42287
