Pottery Density.asc
NCOLS 300
NROWS 300
XLLCORNER 415988
YLLCORNER 92795.7
DX 0.12
DY 0.15233
NODATA_VALUE -9999
[rows 208 to 233 of 300, columns 0 to 59 of 300]
178.26614 179.67 181.1188 182.61488 184.16074 185.75905 187.41266 189.12464 190.89827 192.7371 194.64491 196.62581 198.68421 200.82488 203.05298 205.3741 207.7943 210.32016 212.95885 215.71818 218.6067 221.63372 224.80949 228.14524 231.65333 235.34739 239.24248 243.35527 247.70426 252.31001 257.19545 262.38617 267.91084 273.80161 280.09463 286.83066 294.05572 301.82194 310.18841 319.22235 329.00028 339.60955 351.14996 363.73572 377.49766 392.5857 409.17163 427.452 447.65112 470.02365 494.85632 522.46735 553.20175 587.41837 625.46253 667.6128 713.98361 764.3546 817.88459 872.66143
179.68483 181.12688 182.61545 184.15295 185.74198 187.38529 189.08585 190.84685 192.67169 194.56404 196.52785 198.56736 200.68716 202.89221 205.18785 207.57989 210.07463 212.67891 215.40016 218.24651 221.22681 224.35076 227.62899 231.07316 234.69609 238.51193 242.53631 246.78651 251.2817 256.0432 261.09473 266.46281 272.17708 278.27077 284.78127 291.75067 299.22649 307.26252 315.91978 325.26763 335.38511 346.36243 358.30286 371.32473 385.56391 401.17659 418.34244 437.26814 458.19112 481.38323 507.15386 535.85126 567.86009 603.59129 643.45754 687.82227 736.902 790.58911 848.14717 907.7219
181.03376 182.51075 184.03561 185.61083 187.23907 188.92318 190.66621 192.47142 194.34232 196.28269 198.29657 200.38834 202.5627 204.82474 207.17997 209.63434 212.19431 214.8669 217.65976 220.58119 223.64027 226.84695 230.21209 233.74763 237.46668 241.38369 245.51459 249.87702 254.4905 259.3767 264.55976 270.06655 275.92713 282.17512 288.8483 295.98912 303.64545 311.87139 320.72819 330.28535 340.62195 351.82812 364.0068 377.27582 391.7702 407.64493 425.07796 444.27362 465.46608 488.92273 514.94672 543.87748 576.08687 611.967 651.90246 696.21451 745.05719 798.23362 854.88997 913.04498
182.31078 183.81932 185.37687 186.98598 188.64935 190.3699 192.15073 193.99518 195.90681 197.88948 199.9473 202.08473 204.30656 206.61796 209.02452 211.5323 214.14786 216.87832 219.73141 222.71557 225.83998 229.11469 232.55067 236.15996 239.95578 243.95267 248.16663 252.61535 257.31839 262.29741 267.57648 273.18237 279.14493 285.4975 292.27742 299.52654 307.29193 315.62661 324.59041 334.25101 344.68508 355.97966 368.23372 381.55997 396.08683 411.96073 429.34857 448.44022 469.45091 492.623 518.22637 546.55592 577.92367 612.64116 650.98502 693.13399 739.06005 788.3491 839.9245 891.66109
183.51402 185.05064 186.63719 188.27625 189.97056 191.72308 193.53693 195.4155 197.3624 199.3815 201.47698 203.65331 205.91534 208.26827 210.71772 213.2698 215.93108 218.7087 221.61044 224.64471 227.82072 231.14849 234.63896 238.30411 242.15707 246.21227 250.48554 254.99436 259.75798 264.79772 270.13717 275.80248 281.82275 288.23037 295.06145 302.35636 310.16029 318.52389 327.50408 337.16483 347.57824 358.82558 370.99856 384.20072 398.54888 414.17472 431.22625 449.86907 470.28708 492.682 517.27079 544.27931 573.92969 606.41725 641.87061 680.28588 721.42259 764.64781 808.7206 851.5317
184.64195 186.20311 187.8149 189.4799 191.20088 192.98081 194.82283 196.73033 198.70692 200.75651 202.88326 205.09165 207.3865 209.77303 212.25684 214.84398 217.54101 220.35503 223.29371 226.36542 229.57923 232.94503 236.4736 240.17671 244.06722 248.15924 252.46823 257.01117 261.80675 266.87557 272.24036 277.92623 283.96101 290.37552 297.204 304.4845 312.25938 320.57586 329.4866 339.05039 349.3329 360.40745 372.35593 385.2696 399.24997 414.40948 430.87193 448.77233 468.25582 489.47489 512.58411 537.73047 565.03735 594.57848 626.33729 660.1459 695.59749 731.92874 767.87845 801.54999
185.69336 187.27548 188.90869 190.59559 192.33894 194.14168 196.00696 197.93816 199.93886 202.01295 204.16454 206.3981 208.7184 211.13059 213.64019 216.25318 218.97602 221.81567 224.77967 227.8762 231.11414 234.50311 238.0536 241.77702 245.68583 249.79363 254.11527 258.66705 263.4668 268.53412 273.89053 279.55973 285.56781 291.94355 298.71871 305.92838 313.61134 321.81048 330.57323 339.95201 350.00475 360.79534 372.39406 384.87798 398.33109 412.84422 428.51443 445.44364 463.73601 483.49349 504.80859 527.753 552.36043 578.60109 606.34538 635.31402 665.0136 694.66068 723.10638 748.78868
186.66736 188.26684 189.91767 191.62241 193.3838 195.20476 197.0884 199.03806 201.0573 203.1499 205.31997 207.57185 209.91025 212.34021 214.86713 217.49687 220.23569 223.09038 226.06826 229.17726 232.42593 235.82356 239.38022 243.10685 247.01533 251.1186 255.43076 259.96718 264.74463 269.78145 275.09768 280.71528 286.65825 292.95293 299.62817 306.71558 314.24982 322.26884 330.81417 339.93113 349.66913 360.08177 371.22695 383.1667 395.96687 409.69627 424.42532 440.22375 457.15702 475.28092 494.6336 515.22409 537.01617 559.90643 583.69535 608.05139 632.46974 656.2315 678.37521 697.70054
187.5634 189.17667 190.8413 192.55984 194.33498 196.16959 198.06674 200.02968 202.06191 204.16714 206.34936 208.61283 210.96211 213.4021 215.93805 218.5756 221.32083 224.18025 227.16091 230.27038 233.51685 236.90916 240.45687 244.17033 248.06073 252.14022 256.42197 260.92028 265.65067 270.63003 275.8767 281.41062 287.2535 293.42892 299.96252 306.88212 314.21792 322.00257 330.27136 339.0622 348.41571 358.37505 368.9857 380.29493 392.35106 405.20214 418.89407 433.46783 448.95548 465.37461 482.72064 500.95655 519.99936 539.70315 559.83848 580.06966 599.9324 618.81755 635.96998 650.51486
188.38124 190.00474 191.67942 193.40777 195.19243 197.03619 198.94205 200.91319 202.95298 205.06506 207.25327 209.52173 211.87486 214.31736 216.85428 219.49102 222.23339 225.08762 228.06038 231.15886 234.39079 237.7645 241.28895 244.97379 248.82945 252.86716 257.09906 261.53824 266.19885 271.09615 276.24665 281.66814 287.37981 293.40235 299.75801 306.47067 313.56591 321.07103 329.015 337.4284 346.34323 355.79258 365.81017 376.42959 387.68321 399.60069 412.20687 425.51883 439.54203 454.26519 469.65358 485.64068 502.11791 518.92273 535.82569 552.51803 568.6026 583.5922 596.92143 607.97852
189.12096 190.7512 192.43224 194.16648 195.9565 197.80501 199.71491 201.68927 203.73136 205.84466 208.03288 210.29997 212.65015 215.08791 217.61806 220.24573 222.97641 225.81598 228.77072 231.84737 235.05315 238.39579 241.8836 245.52549 249.331 253.31039 257.47467 261.83566 266.406 271.1993 276.23008 281.51391 287.06741 292.90828 299.05536 305.52859 312.34898 319.53855 327.12023 335.11756 343.55448 352.45481 361.84163 371.73641 382.15779 393.12004 404.63091 416.68895 429.28005 442.37305 455.91451 469.82239 483.97898 498.22345 512.34479 526.07668 539.09638 551.03049 561.47101 570.00459
189.78295 191.41652 193.1003 194.83663 196.62797 198.47695 200.38636 202.35913 204.39842 206.50753 208.69001 210.94962 213.29035 215.71646 218.23248 220.84324 223.55388 226.36989 229.29712 232.34181 235.51063 238.81067 242.24954 245.83533 249.57668 253.48281 257.56354 261.82935 266.29137 270.96146 275.85217 280.97681 286.34941 291.98476 297.89833 304.10621 310.62507 317.47195 324.66407 332.21858 340.1521 348.48022 357.2168 366.37305 375.9563 385.96855 396.40453 407.24935 418.47563 430.04011 441.87975 453.90743 466.00753 478.0319 489.79691 501.08282 511.63687 521.1818 529.43161 536.1156
190.36788 192.00147 193.6845 195.41921 197.20797 199.0533 200.95785 202.92444 204.95603 207.05579 209.22705 211.47337 213.7985 216.20643 218.70139 221.28788 223.97068 226.75485 229.64577 232.64917 235.77111 239.01804 242.3968 245.91466 249.5793 253.39889 257.38205 261.53788 265.876 270.40651 275.14002 280.08762 285.26084 290.67162 296.33223 302.25517 308.45302 314.93825 321.72295 328.81852 336.2352 343.98154 352.06367 360.48444 369.24228 378.32989 387.73263 397.42657 407.37627 417.53237 427.82885 438.18041 448.48008 458.59755 468.37883 477.64803 486.21219 493.87006 500.42573 505.70699
190.8767 192.50711 194.18602 195.91556 197.69801 199.53574 201.43127 203.38727 205.40653 207.49204 209.64691 211.87447 214.17822 216.56186 219.02932 221.58473 224.23247 226.97718 229.82374 232.77734 235.84343 239.02779 242.33648 245.77592 249.35285 253.07435 256.94784 260.98109 265.1822 269.55958 274.12194 278.87824 283.83763 289.00938 294.40278 300.02702 305.89096 312.00297 318.37063 325.00035 331.89695 339.06313 346.49877 354.20015 362.15898 370.36128 378.78609 387.40395 396.17535 405.04902 413.96029 422.82965 431.56178 440.04538 448.15431 455.75035 462.68844 468.82448 474.02626 478.18707
191.31061 192.93477 194.60634 196.32734 198.0999 199.92629 201.80886 203.75012 205.75268 207.81933 209.95297 212.15667 214.43367 216.78738 219.22137 221.73944 224.34555 227.04388 229.83882 232.735 235.73726 238.85067 242.08055 245.43246 248.91219 252.52577 256.27944 260.17966 264.23308 268.44648 272.82677 277.38092 282.11584 287.03836 292.15504 297.47207 302.99503 308.72871 314.67677 320.84143 327.22302 333.81951 340.62587 347.63343 354.82904 362.19418 369.70395 377.32605 385.0196 392.73419 400.40892 407.97185 415.33992 422.4196 429.10872 435.29946 440.88317 445.75685 449.83147 453.0418
191.67105 193.28606 194.94722 196.65646 198.41578 200.22728 202.09318 204.01581 205.9976 208.0411 210.14902 212.32415 214.56947 216.88806 219.28318 221.75823 224.31677 226.96253 229.69939 232.53141 235.46283 238.49804 241.64159 244.89822 248.27278 251.77029 255.39585 259.15468 263.05204 267.09319 271.28336 275.62765 280.13097 284.7979 289.63258 294.63854 299.81852 305.1742 310.70598 316.41259 322.29075 328.33471 334.53572 340.88149 347.35552 353.93643 360.59718 367.30442 374.01772 380.68904 387.26236 393.6736 399.85109 405.71666 411.18748 416.17905 420.60912 424.40288 427.49913 429.85712
191.9597 193.56278 195.21066 196.90511 198.64802 200.44134 202.28711 204.1875 206.14472 208.16114 210.23921 212.38147 214.5906 216.8694 219.22077 221.64773 224.15343 226.74115 229.41426 232.17629 235.03085 237.98167 241.03258 244.1875 247.45039 250.8253 254.31627 257.92732 261.66242 265.52544 269.52005 273.64968 277.91739 282.32579 286.87689 291.57191 296.41114 301.39369 306.51722 311.77768 317.16892 322.68235 328.30649 334.02652 339.82377 345.67521 351.55295 357.42375 363.24864 368.98266 374.57483 379.96838 385.10147 389.90832 394.32103 398.27207 401.69747 404.54071 406.75717 408.31881
192.17839 193.76696 195.39884 197.0757 198.79925 200.57132 202.39377 204.26858 206.19779 208.18352 210.22798 212.33348 214.50239 216.73721 219.04049 221.41489 223.86314 226.38807 228.99259 231.67965 234.45229 237.31361 240.26673 243.31478 246.46091 249.70823 253.05978 256.5185 260.08716 263.76835 267.56434 271.47705 275.50792 279.65783 283.92692 288.31448 292.81872 297.43663 302.16366 306.99354 311.91793 316.92614 322.00474 327.13724 332.30366 337.48023 342.63898 347.74753 352.76881 357.66108 362.37806 366.86928 371.08089 374.95668 378.43968 381.47416 384.00805 385.9958 387.40144 388.20171
192.32917 193.90081 195.51418 197.17082 198.87231 200.6203 202.41651 204.26271 206.16075 208.11252 210.12002 212.18528 214.31039 216.49754 218.74895 221.06691 223.45375 225.91187 228.44369 231.05167 233.73828 236.50599 239.35726 242.29451 245.32009 248.43625 251.64513 254.94864 258.34851 261.84612 265.44254 269.13832 272.93352 276.8275 280.81884 284.90516 289.083 293.34759 297.69267 302.11023 306.59031 311.12068 315.68661 320.27056 324.85192 329.40672 333.90747 338.32294 342.61812 346.7543 350.68926 354.37773 357.77203 360.82305 363.48144 365.69921 367.43145 368.63836 369.28722 369.35444
192.41422 193.96668 195.55923 197.19325 198.87018 200.59153 202.35884 204.17369 206.03773 207.95266 209.9202 211.94215 214.02034 216.15662 218.3529 220.61112 222.93323 225.3212 227.77699 230.30258 232.89991 235.57086 238.31728 241.14091 244.04338 247.02615 250.0905 253.23746 256.46778 259.78183 263.17955 266.66037 270.2231 273.86584 277.58584 281.37938 285.2416 289.16638 293.14609 297.17144 301.23127 305.31232 309.39902 313.47328 317.51425 321.49821 325.39836 329.1848 332.8245 336.2814 339.5167 342.48919 345.15583 347.47254 349.39506 350.88012 351.88661 352.37691 352.31814 351.6833
192.43585 193.96708 195.53668 197.14589 198.79602 200.4884 202.22442 204.00548 205.83303 207.70854 209.63353 211.60952 213.63808 215.72077 217.8592 220.05495 222.3096 224.62473 227.00188 229.44255 231.94818 234.52014 237.15967 239.8679 242.6458 245.49411 248.41337 251.40379 254.46526 257.59725 260.79875 264.0682 267.40337 270.80129 274.25813 277.76906 281.32815 284.92819 288.56053 292.21495 295.87947 299.54015 303.18096 306.78358 310.32727 313.78874 317.14207 320.35865 323.40727 326.25415 328.86325 331.19647 333.21421 334.87579 336.1402 336.96678 337.316 337.15024 336.43445 335.1367
192.39648 193.90461 195.44933 197.03176 198.65306 200.31442 202.01704 203.76215 205.55101 207.38489 209.26507 211.19285 213.16952 215.19638 217.27472 219.40579 221.59085 223.83109 226.12764 228.48158 230.89388 233.36541 235.8969 238.4889 241.14178 243.85566 246.63038 249.46545 252.36001 255.31275 258.32185 261.38489 264.4988 267.65972 270.86295 274.10279 277.37244 280.6639 283.96778 287.27321 290.56767 293.83685 297.06452 300.2324 303.32004 306.30474 309.16148 311.86294 314.37949 316.6793 318.72851 320.49147 321.931 323.00878 323.68576 323.92256 323.67993 322.91908 321.60193 319.69125
192.29862 193.78196 195.30008 196.85397 198.44465 200.07315 201.74053 203.44783 205.19612 206.98648 208.81997 210.69766 212.62059 214.5898 216.60628 218.671 220.78487 222.94874 225.16336 227.42942 229.74747 232.11792 234.54101 237.0168 239.54511 242.12551 244.75723 247.43918 250.16984 252.94723 255.76885 258.63159 261.53165 264.46449 267.42469 270.40588 273.40065 276.40039 279.39521 282.37383 285.32342 288.22952 291.07592 293.84455 296.51539 299.06642 301.47356 303.71065 305.74951 307.55996 309.10995 310.36569 311.29185 311.85172 312.00749 311.72035 310.95073 309.65829 307.80192 305.33951
192.14484 193.60189 195.09187 196.61567 198.17416 199.76823 201.39877 203.06667 204.77281 206.51808 208.30333 210.12942 211.99715 213.90731 215.86063 217.85778 219.89938 221.98594 224.11789 226.29554 228.51905 230.78843 233.1035 235.46385 237.86884 240.31753 242.80865 245.34057 247.91122 250.51808 253.15805 255.82747 258.52197 261.23645 263.96497 266.70064 269.43561 272.16086 274.86619 277.5401 280.16964 282.74039 285.2363 287.63964 289.93095 292.08892 294.0904 295.91037 297.52195 298.8964 300.00322 300.81017 301.28337 301.38739 301.08528 300.33861 299.10738 297.34997 295.02278 292.07992
191.93777 193.36719 194.82771 196.32007 197.84502 199.4033 200.99567 202.62283 204.28553 205.98444 207.72024 209.49356 211.305 213.15511 215.04436 216.97317 218.94188 220.9507 222.99975 225.089 227.21828 229.38722 231.59526 233.84161 236.1252 238.44467 240.79831 243.18404 245.59933 248.04118 250.50607 252.98985 255.48772 257.99416 260.50283 263.00651 265.49702 267.96512 270.40046 272.79144 275.12518 277.38741 279.56239 281.63284 283.5799 285.38303 287.02004 288.46698 289.69821 290.68633 291.40222 291.81503 291.8922 291.59944 290.90064 289.75785 288.131 285.97776 283.25305 279.90865
191.68006 193.0807 194.51059 195.97036 197.46063 198.98201 200.53509 202.12047 203.73868 205.39025 207.07568 208.7954 210.5498 212.33921 214.16389 216.024 217.91963 219.85072 221.81711 223.81848 225.85434 227.92401 230.02659 232.16095 234.32565 236.51898 238.73886 240.98282 243.24798 245.53095 247.82785 250.13418 252.44481 254.75392 257.05489 259.34029 261.60175 263.82994 266.01448 268.14383 270.20528 272.18483 274.06713 275.83546 277.47161 278.95588 280.26702 281.38217 282.27688 282.92506 283.29891 283.36896 283.10396 282.47082 281.43449 279.95781 278.00122 275.52252 272.47636 268.81383
