Pottery Density.asc
NCOLS 300
NROWS 300
XLLCORNER 415988
YLLCORNER 92795.7
DX 0.12
DY 0.15233
NODATA_VALUE -9999
[rows 130 to 155 of 300, columns 120 to 179 of 300]
59.255325 58.803005 58.305527 57.758596 57.157668 56.497977 55.774566 54.982324 54.116032 53.17042 52.140239 51.020339 49.805774 48.491918 47.07461 45.550313 43.916313 42.170939 40.313814 38.346143 36.271025 34.093791 31.822374 29.467689 27.04402 24.56941 22.066038 19.560563 17.084424 14.67405 12.370919 10.221349 8.2757919 6.5872744 5.2084653 4.1867673 3.5570692 3.3326555 3.4964343 3.9965361 4.7507744 5.6615556 6.6370518 7.6099382 8.5460871 9.4416618 10.312887 11.184464 12.080677 13.020384 14.015296 15.07028 16.184642 17.353663 18.570018 19.824936 21.109078 22.413149 23.728304 25.046405
59.110897 58.664107 58.173117 57.633627 57.041101 56.390795 55.677796 54.897061 54.043474 53.111909 52.097303 50.994749 49.7996 48.507591 47.114995 45.618781 44.016824 42.308117 40.493034 38.573602 36.553813 34.439941 32.240879 29.968482 27.637887 25.267811 22.880803 20.503421 18.166308 15.904129 13.755292 11.761371 9.966025 8.4131778 7.1440637 6.1927687 5.5801203 5.3065541 5.345982 5.6442124 6.1255783 6.7084203 7.3245433 7.9339764 8.5285239 9.1243885 9.7496395 10.432785 11.195688 12.050932 13.002187 14.046023 15.174071 16.374983 17.635967 18.943892 20.286034 21.650528 23.026628 24.404811
58.988309 58.552374 58.07348 57.547303 56.969288 56.33469 55.638609 54.876049 54.041972 53.131371 52.139353 51.061231 49.892639 48.629659 47.268977 45.808049 44.245306 42.580371 40.814314 38.949916 36.991961 34.947538 32.826337 30.64094 28.407075 26.143819 23.873716 21.622797 19.420432 17.299002 15.293296 13.43956 11.774052 10.330926 9.1392378 8.2189277 7.575972 7.1975675 7.0493417 7.0774822 7.2180904 7.4127618 7.6245701 7.846492 8.0981267 8.4136698 8.8282506 9.3683428 10.047903 10.868884 11.823921 12.899509 14.078778 15.343574 16.675868 18.058628 19.476304 20.915047 22.362765 23.809069
58.880087 58.460106 57.998695 57.491478 56.933854 56.32104 55.648122 54.910116 54.102028 53.218942 52.256099 51.209001 50.073528 48.846072 47.523686 46.104256 44.5867 42.971183 41.259351 39.45459 37.562287 35.590101 33.548217 31.449571 29.310032 27.148502 24.986905 22.850041 20.765244 18.761806 16.870097 15.120314 13.540758 12.155551 10.98176 10.026021 9.2811773 8.7240303 8.3161047 8.0094965 7.758489 7.5340817 7.3348484 7.1875967 7.1368729 7.2291907 7.4998846 7.9669343 8.6313025 9.480904 10.495463 11.650697 12.921315 14.282909 15.712999 17.191513 18.700925 20.226186 21.754554 23.275376
58.778329 58.379194 57.940454 57.457647 56.926091 56.340927 55.697186 54.989853 54.213943 53.364583 52.437109 51.427168 50.330839 49.144764 47.866298 46.493678 45.02621 43.464467 41.810518 40.068147 38.243093 36.343274 34.378983 32.363055 30.310953 28.24077 26.17309 24.130689 22.138022 20.220448 18.403145 16.709668 15.160108 13.768869 12.542159 11.475562 10.552402 9.7441402 9.014409 8.3277984 7.6624444 7.0220316 6.4404685 5.9747127 5.6880676 5.6322475 5.836215 6.3043239 7.0211416 7.9587233 9.0832764 10.359955 11.755749 13.24093 14.789565 16.379514 17.992161 19.612034 21.22641 22.824934
58.674699 58.301116 57.890062 57.436952 56.936976 56.385154 55.776412 55.105659 54.367864 53.558153 52.671903 51.704854 50.653223 49.513836 48.284275 46.963029 45.549672 44.045046 42.451456 40.772866 39.015092 37.185978 35.295535 33.35603 31.381987 29.390089 27.398925 25.428561 23.499896 21.633752 19.849684 18.164486 16.590421 15.133283 13.790544 12.550094 11.390414 10.283381 9.2008005 8.1248086 7.0598734 6.0411602 5.1331028 4.4157997 3.9641112 3.8291434 4.0296827 4.5544768 5.3710316 6.4356925 7.7017544 9.1246346 10.664506 12.287214 13.964212 15.672043 17.391655 19.107718 20.807998 22.482828
58.560428 58.216939 57.838446 57.420193 56.957187 56.444273 55.876215 55.247785 54.553852 53.789483 52.95004 52.031296 51.029543 49.94172 48.76555 47.499678 46.143828 44.698963 43.167449 41.553216 39.861902 38.100979 36.279827 34.409754 32.503914 30.577123 28.645513 26.726017 24.835642 22.99051 21.204667 19.488684 17.848138 16.28216 14.782401 13.333005 11.912419 10.49798 9.0738493 7.6415462 6.2300499 4.900222 3.7385185 2.8394209 2.2827933 2.1159979 2.3475956 2.9525431 3.8837184 5.0840225 6.4956232 8.0654933 9.7478936 11.504876 13.305739 15.12605 16.946587 18.752371 20.531829 22.276114
58.426324 58.117337 57.776178 57.39786 56.977145 56.508634 55.986864 55.406401 54.761952 54.048459 53.261213 52.395953 51.448985 50.417293 49.298659 48.091795 46.796466 45.413628 43.945558 42.395969 40.770119 39.074873 37.318727 35.511757 33.665476 31.792584 29.906562 28.021114 26.149426 24.303235 22.49175 20.72047 18.990045 17.295418 15.625651 13.964982 12.295843 10.604419 8.8887988 7.168393 5.4914133 3.9357974 2.599928 1.583798 0.96693654 0.79201839 1.06006 1.736837 2.765479 4.0795377 5.6129887 7.3062059 9.1085545 10.978762 12.88411 14.799157 16.704401 18.58507 20.43011 22.231366
58.262804 57.992623 57.69351 57.360176 56.987063 56.568447 56.098554 55.571674 54.982275 54.325111 53.595335 52.788596 51.901151 50.929966 49.87282 48.728411 47.496461 46.17782 44.774558 43.290052 41.729035 40.097623 38.403281 36.654728 34.861744 33.034882 31.185044 29.322924 27.458312 25.599275 23.751259 21.916212 20.091886 18.271586 16.444729 14.598716 12.722586 10.812749 8.8803921 6.9590343 5.1092699 3.4170928 1.9834442 0.90627873 0.26074806 0.084880831 0.37562173 1.0950134 2.1822819 3.5667197 5.177906 6.9520779 8.8350677 10.782859 12.760802 14.742255 16.707112 18.640442 20.531348 22.372036
58.059956 57.832816 57.58045 57.297184 56.977041 56.613877 56.201513 55.733875 55.205113 54.609722 53.942651 53.199407 52.376144 51.46976 50.477978 49.399429 48.233734 46.981572 45.644743 44.226213 42.730128 41.161799 39.527634 37.835 36.092017 34.307252 32.489314 30.646341 28.7854 26.911824 25.028549 23.135566 21.22966 19.304666 17.352579 15.365862 13.341229 11.2849 9.2187143 7.1855689 5.2517975 3.5038866 2.0382223 0.94536285 0.29335881 0.11579264 0.40833717 1.1338673 2.2329561 3.6355949 5.2709995 7.0741459 8.9891188 10.970072 12.980727 14.993154 16.986334 18.944774 20.857301 22.716064
57.807645 57.627753 57.426887 57.198874 56.937204 56.635192 56.286149 55.883531 55.421083 54.892967 54.293869 53.619098 52.864667 52.027368 51.104837 50.09561 48.999177 47.816021 46.547651 45.196609 43.766458 42.261736 40.687854 39.050955 37.357693 35.614949 33.829463 32.007404 30.153891 28.272512 26.364902 24.430513 22.466702 20.469374 18.434397 16.360012 14.250342 12.119795 9.9976814 7.931714 5.9886001 4.2500144 2.80337 1.7288069 1.0858277 0.90370232 1.1784658 1.8767219 2.9440896 4.3151586 5.922333 7.7021776 9.5990552 11.566546 13.567377 15.572517 17.559932 19.513289 21.420779 23.27411
57.495698 57.367283 57.222783 57.055388 56.857908 56.622979 56.343263 56.011632 55.62133 55.166106 54.640326 54.039058 53.358142 52.594248 51.744911 50.808567 49.784578 48.673242 47.475797 46.1944 44.832091 43.392726 41.880863 40.301616 38.660453 36.962938 35.21443 33.419745 31.582813 29.70637 27.791769 25.838988 23.846998 21.814611 19.741993 17.632925 15.497784 13.356966 11.24409 9.2079299 7.3118359 5.6295924 4.2375782 3.2044418 2.5807782 2.3916853 2.6342122 3.2799845 4.2816242 5.5807526 7.1155329 8.8264887 10.660199 12.571083 14.52178 16.482642 18.430782 20.348978 22.224598 24.048646
57.114199 57.041564 56.958481 56.857332 56.730062 56.56845 56.364352 56.109923 55.797799 55.421235 54.974222 54.451552 53.84888 53.162747 52.390598 51.53079 50.582586 49.546138 48.422469 47.213427 45.921633 44.550397 43.103608 41.585593 40.000942 38.354291 36.650097 34.892392 33.084568 31.229231 29.32818 27.382612 25.393634 23.363195 21.295525 19.199083 17.088929 14.989194 12.935105 10.973789 9.1630291 7.5674086 6.2519102 5.2739642 4.6756817 4.4782301 4.6797386 5.2570148 6.1702286 7.369078 8.7989308 10.405888 12.1403 13.958748 15.824785 17.708829 19.587544 21.44299 23.261728 25.033963
56.653955 56.641529 56.625176 56.59624 56.545576 56.463887 56.342035 56.171305 55.943605 55.651621 55.288915 54.849985 54.330296 53.726278 53.035316 52.255729 51.38673 50.428395 49.381609 48.248015 47.02994 45.73031 44.352549 42.900445 41.378013 39.789329 38.138365 36.428842 34.664117 32.847166 30.98069 29.067427 27.110728 25.115464 23.089277 21.044167 18.998245 16.9774 15.016429 13.159096 11.456612 9.9642519 8.7362829 7.8199642 7.2498094 7.0434187 7.1998149 7.7005221 8.512891 9.5947021 10.89899 12.378262 13.987658 15.686954 17.441542 19.222638 21.006987 22.776279 24.516453 26.216985
56.107191 56.159582 56.215593 56.265245 56.298009 56.303252 56.270621 56.190354 56.053511 55.852127 55.5793 55.229225 54.797192 54.279556 53.67369 52.977931 52.191518 51.314527 50.347807 49.292908 48.152002 46.9278 45.623453 44.24245 42.788502 41.265433 39.677069 38.027171 36.319405 34.557414 32.744998 30.886482 28.987276 27.054684 25.098935 23.134387 21.180754 19.264138 17.417528 15.68043 14.097305 12.714732 11.577472 10.723999 10.182314 9.9668973 10.077424 10.49942 11.206582 12.164144 13.332563 14.670914 16.139612 17.702285 19.326872 20.986046 22.657187 24.322039 25.966217 27.578658
55.468588 55.590611 55.724975 55.860011 55.983449 56.083003 56.146849 56.163991 56.124514 56.019735 55.842262 55.585997 55.246092 54.818879 54.301784 53.693238 52.992585 52.199998 51.316392 50.343342 49.283002 48.138021 46.911462 45.606715 44.227413 42.777368 41.260507 39.680863 38.042609 36.350177 34.60848 32.823276 31.001677 29.152825 27.288688 25.424928 23.581706 21.784239 20.062905 18.452642 16.991506 15.718351 14.669818 13.877039 13.362605 13.138358 13.204411 13.549549 14.152827 14.985996 16.016271 17.208995 18.529889 19.946734 21.43046 22.955699 24.500949 26.048429 27.583778 29.095648
54.736749 54.933399 55.152421 55.379986 55.601656 55.803123 55.970808 56.092285 56.156549 56.154144 56.077186 55.919319 55.675613 55.342446 54.917376 54.399015 53.786902 53.081403 52.283601 51.39521 50.418488 49.356163 48.211357 46.987525 45.688397 44.317938 42.880341 41.380038 39.821786 38.210802 36.552996 34.855301 33.126107 31.375787 29.617296 27.866746 26.143897 24.472394 22.879627 21.396058 20.053953 18.885527 17.920665 17.184503 16.695236 16.462528 16.486781 16.759365 17.263729 17.97713 18.872687 19.921426 21.094107 22.36266 23.701199 25.086634 26.498943 27.921189 29.339357 30.742098
53.916196 54.192526 54.502642 54.830002 55.157488 55.468365 55.747002 55.979359 56.153243 56.258402 56.286489 56.230943 56.086831 55.850663 55.520222 55.094386 54.572987 53.95667 53.246784 52.44528 51.554628 50.577745 49.517932 48.378828 47.164375 45.878808 44.52666 43.112817 41.642606 40.121944 38.557553 36.957239 35.330244 33.687643 32.042753 30.411507 28.812702 27.268036 25.801844 24.440431 23.211001 22.140195 21.252375 20.567851 20.101305 19.860638 19.846437 20.052103 20.46462 21.06579 21.833741 22.744485 23.77336 24.896234 26.0904 27.335184 28.612279 29.90586 31.202541 32.491228
53.019923 53.380721 53.788096 54.222139 54.662501 55.089597 55.485466 55.834295 56.12265 56.339498 56.476084 56.52573 56.483591 56.346408 56.112276 55.780436 55.351088 54.825244 54.204598 53.49142 52.688473 51.798946 50.826402 49.774744 48.6482 47.451321 46.189016 44.866608 43.489929 42.065464 40.600533 39.103524 37.584153 36.053754 34.525544 33.01484 31.539148 30.118082 28.773045 27.526621 26.401686 25.420273 24.602281 23.964181 23.51787 23.269848 23.220818 23.365768 23.694497 24.192502 24.84208 25.623506 26.516161 27.499508 28.55387 29.660988 30.804377 31.969501 33.14381 34.316679
52.072339 52.521523 53.031288 53.577674 54.136544 54.685075 55.202752 55.671894 56.077824 56.408785 56.655708 56.811896 56.872695 56.835172 56.697821 56.460317 56.123304 55.688222 55.157166 54.532785 53.818189 53.016895 52.132776 51.170043 50.133238 49.027244 47.857327 46.629196 45.349095 44.023927 42.661404 41.270227 39.860281 38.442823 37.030646 35.638179 34.281487 32.978116 31.746771 30.606784 29.577395 28.676864 27.921514 27.324775 26.896355 26.641646 26.561432 26.651936 26.905186 27.309654 27.851065 28.513277 29.279159 30.131374 31.053032 32.028186 33.042183 34.08186 35.13564 36.193528
51.112107 51.651713 52.266775 52.928642 53.608922 54.281272 54.922496 55.513033 56.037027 56.482094 56.838958 57.10101 57.263881 57.325037 57.283438 57.139248 56.893592 56.548376 56.106133 55.569915 54.94321 54.229883 53.434139 52.560507 51.613839 50.599332 49.522566 48.389563 47.206871 45.981664 44.721861 43.436262 42.134677 40.828048 39.528538 38.249549 37.00567 35.812495 34.686315 33.643673 32.700777 31.872829 31.173292 30.613197 30.200535 29.939831 29.831926 29.874003 30.059857 30.380343 30.823975 31.37759 32.027021 32.757722 33.555301 34.40596 35.296808 36.21607 37.153213 38.098976
50.193829 50.822599 51.542017 52.318308 53.118559 53.912806 54.675186 55.384348 56.023369 56.57936 57.042941 57.407674 57.669531 57.826425 57.877804 57.824334 57.667633 57.410072 57.054622 56.60474 56.064286 55.43747 54.728819 53.943161 53.085636 52.161711 51.177218 50.138415 49.052042 47.925412 46.766499 45.584026 44.387561 43.187574 41.995477 40.823602 39.685107 38.593797 37.563852 36.609444 35.744282 34.981085 34.33104 33.803285 33.404469 33.138434 33.006064 33.0053 33.131327 33.376906 33.732814 34.188343 34.731816 35.351085 36.033961 36.76859 37.543728 38.348952 39.174783 40.012757
49.386982 50.098749 50.915948 51.799634 52.712444 53.620938 54.496767 55.316966 56.063693 56.723658 57.287442 57.748809 58.10408 58.351595 58.491267 58.524228 58.452553 58.279042 58.007069 57.640461 57.183421 56.64047 56.016422 55.31637 54.545692 53.710069 52.815522 51.868452 50.875698 49.8446 48.783056 47.699596 46.60342 45.504439 44.413266 43.341173 42.299981 41.301897 40.35927 39.484281 38.688579 37.982879 37.376554 36.877245 36.490545 36.219767 36.065828 36.027262 36.100357 36.279397 36.556987 36.924433 37.372139 37.889991 38.467717 39.095189 39.762674 40.461019 41.181779 41.917302
48.770262 49.552727 50.454157 51.430963 52.441836 53.450302 54.425865 55.344185 56.186639 56.939597 57.5936 58.142572 58.583112 58.913903 59.135235 59.24862 59.256503 59.162041 58.968938 58.681329 58.303698 57.840825 57.297755 56.67979 55.992487 55.241679 54.433498 53.574415 52.671276 51.731352 50.762379 49.772596 48.770772 47.76621 46.768721 45.788567 44.836354 43.922876 43.058914 42.254982 41.521038 40.866177 40.298318 39.823921 39.447748 39.172695 38.999706 38.927785 38.954095 39.074137 39.281995 39.570622 39.932147 40.358176 40.840082 41.369257 41.937321 42.536292 43.158712 43.797725
48.420426 49.255241 50.220379 51.268813 52.356278 53.443987 54.499789 55.498237 56.420042 57.251229 57.982224 58.606984 59.122244 59.526883 59.821418 60.007604 60.088134 60.066406 59.946354 59.732332 59.429024 59.041392 58.574646 58.034224 57.425798 56.755281 56.028848 55.252963 54.434406 53.580304 52.698159 51.795868 50.881724 49.964413 49.052972 48.156726 47.285186 46.447917 45.654364 44.913647 44.234336 43.624212 43.090032 42.637315 42.270166 41.991152 41.80124 41.699807 41.684712 41.752432 41.898246 42.116453 42.400609 42.743766 43.138702 43.578126 44.05486 44.561985 45.092958 45.641688
48.397102 49.262116 50.265597 51.358949 52.496376 53.637779 54.749955 55.806668 56.788058 57.67976 58.471952 59.158449 59.735925 60.203258 60.561007 60.810999 60.956018 60.999565 60.945684 60.798836 60.563811 60.245666 59.849691 59.381391 58.846477 58.250874 57.60073 56.902438 56.162646 55.388282 54.586566 53.765013 52.931432 52.093901 51.260724 50.440371 49.641385 48.872262 48.141313 47.456495 46.825236 46.25425 45.749358 45.315327 44.955739 44.672901 44.467798 44.340105 44.288236 44.309452 44.400001 44.555281 44.770028 45.038503 45.354675 45.712392 46.105532 46.528126 46.974466 47.439179
