Pottery Density.asc
NCOLS 300
NROWS 300
XLLCORNER 415988
YLLCORNER 92795.7
DX 0.12
DY 0.15233
NODATA_VALUE -9999
[rows 78 to 103 of 300, columns 180 to 239 of 300]
55.792401 55.807099 55.826072 55.849213 55.876407 55.907531 55.942453 55.981037 56.023142 56.068623 56.117332 56.16912 56.223836 56.281328 56.341445 56.404037 56.468954 56.536048 56.605172 56.676184 56.748941 56.823304 56.89914 56.976315 57.054701 57.134172 57.214608 57.295891 57.377906 57.460544 57.543699 57.627269 57.711155 57.795265 57.879507 57.963795 58.048047 58.132185 58.216133 58.299821 58.38318 58.466148 58.548664 58.63067 58.712113 58.792943 58.873113 58.952577 59.031296 59.10923 59.186344 59.262605 59.337983 59.412451 59.485982 59.558555 59.630148 59.700743 59.770323 59.838874
55.817296 55.825404 55.83837 55.856056 55.878313 55.904988 55.935919 55.970942 56.009887 56.052584 56.098858 56.148537 56.201447 56.257414 56.316266 56.377832 56.441943 56.508434 56.577142 56.647905 56.720569 56.79498 56.870989 56.948452 57.027227 57.107178 57.188173 57.270085 57.352791 57.436172 57.520114 57.604507 57.689247 57.774233 57.859369 57.944563 58.029727 58.114779 58.199639 58.284232 58.368488 58.452338 58.535721 58.618575 58.700844 58.782478 58.863425 58.94364 59.023081 59.101708 59.179484 59.256376 59.332352 59.407384 59.481446 59.554516 59.626572 59.697595 59.767569 59.83648
55.827796 55.82954 55.836748 55.849245 55.866848 55.889369 55.916616 55.948392 55.9845 56.024739 56.068911 56.116814 56.168252 56.223027 56.280945 56.341814 56.405447 56.471658 56.540266 56.611095 56.683973 56.758732 56.835209 56.913246 56.992691 57.073394 57.155215 57.238014 57.32166 57.406026 57.490989 57.576433 57.662245 57.748318 57.834551 57.920846 58.007111 58.093258 58.179203 58.264869 58.350179 58.435065 58.519459 58.6033 58.686529 58.769092 58.850938 58.93202 59.012292 59.091716 59.170252 59.247867 59.324529 59.40021 59.474882 59.548523 59.621112 59.69263 59.76306 59.83239
55.822785 55.818448 55.820199 55.827825 55.841107 55.859819 55.883735 55.912626 55.946262 55.984414 56.026853 56.073353 56.12369 56.177642 56.234993 56.295528 56.359039 56.425322 56.494177 56.565411 56.638834 56.714266 56.791527 56.870447 56.950861 57.032609 57.115537 57.199498 57.28435 57.369957 57.456189 57.542922 57.630036 57.717419 57.804962 57.892564 57.980126 58.067557 58.154768 58.241678 58.32821 58.414288 58.499846 58.584818 58.669144 58.752768 58.835636 58.917701 58.998918 59.079244 59.158642 59.237075 59.314514 59.390927 59.46629 59.540578 59.613771 59.68585 59.756799 59.826606
55.801107 55.791028 55.787683 55.790813 55.80016 55.815461 55.836451 55.862866 55.894444 55.930923 55.972045 56.017555 56.067201 56.120737 56.177921 56.238518 56.302297 56.369034 56.43851 56.510515 56.584842 56.661294 56.739679 56.819812 56.901515 56.984618 57.068954 57.154367 57.240706 57.327826 57.415588 57.503862 57.592521 57.681445 57.770523 57.859644 57.948709 58.03762 58.126286 58.214621 58.302544 58.38998 58.476857 58.563108 58.648672 58.733491 58.81751 58.90068 58.982954 59.064292 59.144653 59.224003 59.302308 59.379541 59.455675 59.530687 59.604556 59.677264 59.748795 59.819137
55.761562 55.746149 55.738129 55.7372 55.743059 55.755401 55.773923 55.798325 55.828308 55.863576 55.903841 55.948816 55.998223 56.051789 56.109246 56.170336 56.234806 56.30241 56.372912 56.446081 56.521696 56.599543 56.679414 56.761111 56.844445 56.929231 57.015294 57.102467 57.190589 57.279506 57.369074 57.459152 57.549609 57.640318 57.731163 57.822028 57.912809 58.003404 58.093719 58.183665 58.273158 58.362119 58.450476 58.53816 58.625107 58.711258 58.796558 58.880956 58.964406 59.046866 59.128295 59.208659 59.287925 59.366064 59.443051 59.518863 59.59348 59.666884 59.739061 59.809998
55.702914 55.682644 55.67044 55.665953 55.668832 55.67873 55.695302 55.718207 55.74711 55.78168 55.821595 55.866539 55.916202 55.970283 56.028491 56.090542 56.156159 56.225077 56.297039 56.371796 56.44911 56.528749 56.610492 56.694128 56.779453 56.866271 56.954398 57.043654 57.13387 57.224886 57.316546 57.408705 57.501224 57.593973 57.686827 57.779668 57.872386 57.964877 58.057043 58.148792 58.240037 58.330698 58.4207 58.509973 58.598451 58.686075 58.772789 58.858542 58.943286 59.026979 59.109582 59.19106 59.27138 59.350513 59.428436 59.505126 59.580562 59.65473 59.727614 59.799205
55.623891 55.599316 55.583493 55.576018 55.576494 55.584527 55.599726 55.62171 55.650105 55.684543 55.724667 55.770128 55.820586 55.875713 55.935189 55.998705 56.065963 56.136674 56.210562 56.287359 56.366809 56.448665 56.532691 56.618661 56.706359 56.795578 56.886122 56.977802 57.07044 57.163867 57.257921 57.352449 57.447307 57.542358 57.637473 57.73253 57.827415 57.922021 58.016245 58.109994 58.203179 58.295718 58.387534 58.478556 58.568717 58.657958 58.746221 58.833456 58.919615 59.004656 59.088539 59.17123 59.252698 59.332914 59.411855 59.489499 59.565827 59.640826 59.71448 59.786781
55.523185 55.494941 55.476141 55.466328 55.465049 55.471863 55.486333 55.508034 55.536551 55.571478 55.612421 55.658998 55.710839 55.767583 55.828886 55.894412 55.963839 56.036857 56.113169 56.192488 56.27454 56.359062 56.445805 56.534527 56.625001 56.717008 56.81034 56.904802 57.000204 57.09637 57.193131 57.290328 57.387811 57.485438 57.583075 57.680596 57.777885 57.874829 57.971325 58.067277 58.162595 58.257194 58.350996 58.44393 58.535929 58.626932 58.716882 58.805728 58.893423 58.979925 59.065196 59.149201 59.231911 59.313298 59.393339 59.472014 59.549306 59.625201 59.699687 59.772756
55.399463 55.368275 55.347225 55.3358 55.333492 55.339806 55.35426 55.376381 55.405711 55.441806 55.484233 55.532577 55.586434 55.645415 55.709145 55.777264 55.849427 55.9253 56.004565 56.086918 56.172066 56.259732 56.349649 56.441564 56.535237 56.630438 56.726948 56.824563 56.923086 57.022332 57.122127 57.222304 57.322708 57.423193 57.523621 57.623863 57.723798 57.823312 57.922299 58.020662 58.118308 58.215152 58.311117 58.406129 58.500121 58.593033 58.684808 58.775396 58.864749 58.952828 59.039594 59.125014 59.209059 59.291705 59.372927 59.452709 59.531035 59.607891 59.68327 59.757162
55.251368 55.218053 55.195572 55.183348 55.180816 55.187428 55.202649 55.225961 55.25686 55.294862 55.339496 55.39031 55.446867 55.508749 55.575551 55.646889 55.72239 55.801701 55.884483 55.970412 56.059178 56.150488 56.244062 56.339632 56.436947 56.535766 56.635862 56.737019 56.839034 56.941714 57.044879 57.148358 57.25199 57.355624 57.45912 57.562345 57.665174 57.767494 57.869196 57.970181 58.070355 58.169634 58.267939 58.365196 58.46134 58.556309 58.650049 58.742509 58.833643 58.923413 59.011781 59.098716 59.18419 59.26818 59.350665 59.431629 59.511057 59.588939 59.665268 59.740038
55.077525 55.043004 55.020005 55.007886 55.006022 55.013807 55.030656 55.056 55.089291 55.130002 55.177622 55.231664 55.291657 55.357152 55.427715 55.502936 55.582418 55.665785 55.752679 55.842755 55.935689 56.031171 56.128907 56.228617 56.330037 56.432917 56.53702 56.642123 56.748014 56.854496 56.96138 57.068492 57.175667 57.28275 57.389597 57.496073 57.602053 57.707419 57.812063 57.915884 58.01879 58.120694 58.221518 58.32119 58.419644 58.51682 58.612664 58.707127 58.800165 58.891739 58.981816 59.070364 59.15736 59.24278 59.326606 59.408824 59.489422 59.568392 59.645728 59.721427
54.876552 54.841853 54.81935 54.808334 54.808118 54.818039 54.837454 54.865746 54.90232 54.946605 54.998052 55.056136 55.120352 55.190219 55.265277 55.345087 55.42923 55.517307 55.60894 55.703767 55.801446 55.901652 56.004078 56.108433 56.214441 56.321842 56.430391 56.539857 56.650022 56.760682 56.871645 56.982731 57.093771 57.204609 57.315097 57.425099 57.534488 57.643145 57.750962 57.857837 57.963679 58.068401 58.171926 58.274182 58.375106 58.474637 58.572724 58.66932 58.764382 58.857875 58.949765 59.040025 59.128631 59.215565 59.300809 59.384353 59.466186 59.546303 59.624701 59.701379
54.647067 54.61333 54.592445 54.583632 54.586139 54.599241 54.622243 54.654475 54.695294 54.744085 54.80026 54.863256 54.932534 55.007583 55.087913 55.17306 55.262582 55.356057 55.453089 55.553297 55.656324 55.761832 55.869499 55.979024 56.09012 56.202519 56.315968 56.430228 56.545076 56.660303 56.775713 56.891122 57.006359 57.121264 57.235688 57.349495 57.462555 57.574751 57.685974 57.796123 57.905107 58.01284 58.119247 58.224258 58.327809 58.429844 58.530313 58.62917 58.726377 58.821899 58.915705 59.007772 59.098078 59.186606 59.273343 59.358281 59.441412 59.522733 59.602245 59.679949
54.387701 54.356186 54.338151 54.332742 54.339143 54.356567 54.38426 54.4215 54.467599 54.521895 54.583761 54.652595 54.727828 54.808915 54.89534 54.986613 55.082268 55.181865 55.284986 55.391235 55.500241 55.61165 55.725131 55.84037 55.957072 56.074961 56.193776 56.313274 56.433226 56.553418 56.673652 56.79374 56.913509 57.032799 57.151459 57.269353 57.386351 57.502335 57.617199 57.730842 57.843174 57.954112 58.063582 58.171515 58.277852 58.382538 58.485525 58.586771 58.68624 58.783899 58.879723 58.973689 59.06578 59.155981 59.244283 59.33068 59.415168 59.497747 59.578422 59.657196
54.097108 54.069199 54.055361 54.054668 54.066234 54.089209 54.122783 54.166182 54.218666 54.279534 54.348115 54.423774 54.505905 54.593935 54.687322 54.785549 54.88813 54.994604 55.104535 55.217513 55.333152 55.451085 55.570971 55.692486 55.815328 55.939213 56.063875 56.189065 56.31455 56.440114 56.565555 56.690684 56.815328 56.939324 57.062523 57.184788 57.305991 57.426016 57.544755 57.662112 57.777999 57.892334 58.005046 58.11607 58.225348 58.332829 58.438469 58.542228 58.644073 58.743976 58.841915 58.93787 59.031827 59.123776 59.213711 59.301629 59.38753 59.471419 59.553301 59.633185
53.77398 53.751191 53.743018 53.748462 53.766565 53.796417 53.83715 53.887935 53.947987 54.016559 54.092943 54.176466 54.266492 54.362418 54.463675 54.569724 54.680057 54.794196 54.911687 55.032108 55.155056 55.280157 55.407059 55.535429 55.66496 55.79536 55.926359 56.057704 56.189161 56.320509 56.451547 56.582084 56.711947 56.840975 56.969018 57.09594 57.221616 57.345931 57.468781 57.590072 57.709717 57.82764 57.943772 58.058051 58.170423 58.280841 58.389264 58.495657 58.59999 58.702239 58.802386 58.900416 58.996318 59.090086 59.181718 59.271215 59.358581 59.443825 59.526956 59.607986
53.417068 53.401043 53.400126 53.413239 53.439358 53.477507 53.526762 53.586243 53.655116 53.732593 53.817927 53.910411 54.009378 54.114197 54.224274 54.33905 54.457997 54.580618 54.706447 54.835046 54.966004 55.098935 55.233479 55.369298 55.506077 55.643522 55.781358 55.919331 56.057204 56.194756 56.331784 56.468099 56.603529 56.737913 56.871105 57.00297 57.133387 57.262242 57.389436 57.514878 57.638484 57.760182 57.879908 57.997603 58.113218 58.226711 58.338044 58.447187 58.554115 58.658809 58.761253 58.861438 58.959359 59.055012 59.148401 59.23953 59.32841 59.41505 59.499466 59.581675
53.025193 53.017714 53.025766 53.048196 53.083911 53.131874 53.191102 53.260666 53.339687 53.427335 53.522826 53.62542 53.734422 53.849175 53.969063 54.093505 54.221956 54.353906 54.488873 54.62641 54.766095 54.907535 55.050364 55.194237 55.338837 55.483865 55.629046 55.774124 55.918861 56.063039 56.206453 56.348918 56.490263 56.63033 56.768975 56.906069 57.041491 57.175134 57.306901 57.436707 57.564472 57.69013 57.813619 57.934887 58.053891 58.170591 58.284956 58.396961 58.506586 58.613816 58.718642 58.821058 58.921065 59.018665 59.113865 59.206675 59.29711 59.385184 59.470918 59.554332
52.597273 52.600256 52.619116 52.652625 52.699622 52.759008 52.829746 52.910859 53.001423 53.100569 53.20748 53.321386 53.441563 53.567332 53.698055 53.833135 53.972012 54.11416 54.259089 54.406341 54.555488 54.706131 54.857897 55.01044 55.16344 55.316597 55.469636 55.6223 55.774354 55.92558 56.075778 56.224764 56.372371 56.518444 56.662845 56.805448 56.946137 57.084812 57.221379 57.355757 57.487875 57.61767 57.745088 57.870081 57.992611 58.112645 58.230158 58.345131 58.457548 58.567401 58.674687 58.779405 58.881561 58.981163 59.078223 59.172756 59.264782 59.354322 59.441399 59.526041
52.132343 52.147843 52.179474 52.225935 52.285999 52.35851 52.442377 52.536577 52.640147 52.75218 52.871827 52.998291 53.130825 53.268728 53.411345 53.558064 53.70831 53.861549 54.017282 54.175044 54.334401 54.49495 54.656316 54.818153 54.980138 55.141974 55.303386 55.46412 55.623943 55.782641 55.940017 56.095893 56.250105 56.402506 56.552961 56.701349 56.847563 56.991506 57.133092 57.272247 57.408905 57.54301 57.674513 57.803376 57.929564 58.053054 58.173824 58.291863 58.407162 58.519718 58.629535 58.736618 58.840979 58.942631 59.041593 59.137886 59.231535 59.322565 59.411007 59.496891
51.629582 51.659787 51.706273 51.767669 51.842684 51.930108 52.028802 52.137698 52.255796 52.382158 52.515906 52.656219 52.802328 52.953517 53.109115 53.268496 53.431078 53.596319 53.763713 53.93279 54.103115 54.274282 54.445918 54.617676 54.789235 54.9603 55.130601 55.299886 55.467928 55.634518 55.799465 55.962595 56.123753 56.282795 56.439596 56.594041 56.746029 56.895471 57.04229 57.186417 57.327794 57.466373 57.602113 57.734981 57.864953 57.992009 58.116138 58.237334 58.355596 58.470928 58.58334 58.692844 58.799458 58.903202 59.004102 59.102184 59.197479 59.290019 59.379839 59.466976
51.088342 51.135569 51.19911 51.277526 51.369469 51.473676 51.588965 51.714229 51.848436 51.990618 52.139874 52.295362 52.456298 52.621951 52.791638 52.964727 53.140628 53.318793 53.498715 53.679922 53.861979 54.044482 54.227058 54.409365 54.591086 54.77193 54.951632 55.129948 55.306655 55.481552 55.654454 55.825197 55.993631 56.159623 56.323054 56.483818 56.641822 56.796986 56.949241 57.098526 57.244794 57.388002 57.528119 57.665121 57.798991 57.929718 58.057299 58.181734 58.303032 58.421203 58.536265 58.648238 58.757146 58.863017 58.965882 59.065775 59.162733 59.256794 59.348 59.436392
50.508174 50.574866 50.65777 50.755387 50.866318 50.989252 51.122968 51.266328 51.418271 51.577805 51.744012 51.916033 52.093072 52.274388 52.459292 52.647146 52.837358 53.02938 53.222703 53.416859 53.611414 53.805969 54.000156 54.193638 54.386104 54.577272 54.766882 54.9547 55.14051 55.324121 55.505357 55.684061 55.860095 56.033334 56.203669 56.371004 56.535255 56.696353 56.854237 57.008858 57.160175 57.308158 57.452784 57.594037 57.73191 57.866402 57.997516 58.125264 58.249661 58.370726 58.488485 58.602965 58.714199 58.822222 58.927071 59.028789 59.127419 59.223005 59.315596 59.405241
49.888867 49.977575 50.082249 50.201335 50.333386 50.477054 50.631086 50.794316 50.96566 51.144113 51.328739 51.518672 51.713107 51.911299 52.112558 52.316243 52.521765 52.728577 52.936176 53.144097 53.351914 53.559233 53.765696 53.970971 54.17476 54.376787 54.576804 54.774585 54.969927 55.162648 55.352583 55.539587 55.723531 55.904303 56.081804 56.25595 56.426668 56.5939 56.757595 56.917715 57.07423 57.22712 57.376373 57.521984 57.663954 57.802293 57.937013 58.068135 58.195684 58.319687 58.440179 58.557196 58.670778 58.780969 58.887814 58.991362 59.091664 59.188772 59.28274 59.373624
49.230476 49.343854 49.472789 49.615682 49.771047 49.937506 50.113782 50.298689 50.49113 50.690087 50.894619 51.103856 51.31699 51.533278 51.752031 51.972614 52.194442 52.416976 52.639719 52.862216 53.084049 53.304837 53.524229 53.741907 53.957583 54.170993 54.381902 54.590096 54.795384 54.997596 55.196583 55.392209 55.584361 55.772938 55.957853 56.139036 56.316426 56.489977 56.65965 56.82542 56.987268 57.145186 57.299172 57.449234 57.595382 57.737638 57.876024 58.01057 58.141312 58.268287 58.391538 58.51111 58.627053 58.739418 58.848259 58.953633 59.055598 59.154215 59.249544 59.341648
